Node_ID,0,1,2,3,4,5,6,7,8,9,10,11,12,13,14,15,16,17,18,19,20,21,22,23,24,25,26,27,28,29,30,31,32,33,34,35,36,37,38,39,40,41,42,43,44,45,46,47,48,49,50,51,52,53,54,55,56,57,58,59,60,61,62,63,64,65,66,67,68,69,70,71,72,73,74,75,76,77,78,79,80,81,82,83,84,85,86,87,88,89,90,91,92,93,94,95,96,97,98,99,100,101,102,103,104,105,106,107,108,109,110,111,112,113,114,115,116,117,118,119,120,121,122,123,124,125,126,127,128,129,130,131,132,133,134,135,136,137,138,139,140,141,142,143,144,145,146,147,148,149,150,151,152,153,154,155,156,157,158,159,160,161,162,163,164,165,166,167,168,169,170,171,172,173,174,175,176
0,0,1244,1261,1265,1265,1251,1303,1304,1248,1248,1237,1127,39,17,1338,1257,1275,1246,1916,2070,2122,1268,1233,1256,1245,480,1108,1024,972,1257,1246,1249,1248,1252,1245,1250,1253,1247,1251,1235,1248,1242,1219,1255,1253,1246,1238,1204,1247,1254,1243,1202,1264,1253,1239,1253,1245,1250,1239,1247,1252,1250,1245,1253,1252,1253,1266,1236,1246,1257,2145,1913,1875,1282,114,219,1871,1614,1917,1382,1382,1382,1385,1291,1388,1384,1386,1381,1383,1363,1389,1382,1387,1302,1374,1288,1267,1205,1247,1285,1304,1280,1290,1190,404,1552,2270,3464,1355,1283,1244,9,5,1232,1976,730,1677,1665,386,384,368,426,389,370,1334,1361,1339,1370,1363,1410,1373,1656,1455,1581,1742,1390,1239,1185,1251,305,311,1224,524,1245,1249,1386,1305,1310,1313,1304,1579,1977,2047,1254,1250,1250,1249,1252,1249,1249,1246,1253,1254,1254,1247,1246,1256,1251,1255,1252,1250,1246,1256,113,22,119,94
1,1244,0,19,92,44,7,184,166,55,58,55,436,1257,1226,112,14,34,5,1020,829,880,25,11,13,11,813,143,285,272,54,46,48,50,51,50,59,64,47,50,28,48,31,45,52,51,58,63,44,56,51,60,71,66,44,33,53,53,62,31,65,49,48,38,52,58,59,31,8,2,20,1128,885,955,248,1147,1050,680,398,740,372,370,372,370,380,377,372,372,378,370,367,363,367,370,225,251,244,221,109,166,151,159,114,281,191,855,546,1363,4229,337,53,32,1235,1238,328,749,524,587,535,896,901,908,864,894,927,371,371,413,368,369,378,374,413,633,502,542,235,5,106,8,939,933,20,798,20,8,504,458,458,465,454,530,792,841,58,50,56,53,54,56,51,50,54,55,56,49,48,56,52,55,57,54,60,50,1267,1261,1130,1161
2,1261,19,0,98,32,12,174,154,49,53,53,450,1274,1244,103,5,25,19,1006,813,863,7,30,13,16,831,158,303,290,45,42,43,44,45,46,53,57,42,43,33,43,31,52,45,44,53,60,58,51,44,56,78,56,37,34,46,49,56,32,60,43,42,35,46,52,52,16,27,17,8,1123,881,954,240,1165,1068,661,380,721,375,373,376,373,388,380,376,375,382,373,371,366,370,373,216,237,236,214,111,161,141,148,103,273,191,873,533,1348,4246,340,36,30,1252,1256,338,730,542,571,518,914,920,926,883,912,945,376,375,419,372,373,380,377,395,638,499,530,232,23,123,11,956,950,38,816,31,12,495,452,452,458,448,516,781,827,50,45,50,48,47,50,46,46,47,48,49,44,44,48,46,48,50,48,56,42,1285,1279,1147,1178
3,1265,92,98,0,129,92,270,250,146,149,147,366,1276,1248,79,95,78,88,1095,806,860,98,91,86,102,817,204,262,301,143,137,139,141,142,141,150,154,138,140,120,139,123,135,142,141,149,155,125,147,141,152,159,154,134,125,143,144,153,124,157,139,138,130,143,149,149,113,90,91,105,1048,803,867,338,1164,1064,711,429,775,279,278,280,278,291,285,280,280,286,278,274,272,275,278,313,329,333,311,200,258,238,243,200,371,283,868,623,1432,4177,244,129,123,1256,1260,244,760,536,649,591,904,909,917,870,902,933,279,279,322,276,276,287,281,406,541,419,489,155,92,80,94,962,954,96,796,73,96,592,549,550,556,545,602,737,794,148,141,147,144,144,147,142,142,144,145,146,140,140,145,143,145,147,145,152,140,1280,1284,1155,1186
4,1265,44,32,129,0,40,142,123,23,26,32,480,1279,1248,125,36,54,47,976,814,862,31,53,44,34,842,157,325,297,16,20,18,20,18,23,25,28,20,17,32,19,24,45,16,17,27,36,63,25,16,31,66,25,13,26,18,25,28,26,32,16,17,20,18,23,23,17,51,44,26,1146,905,982,208,1170,1074,644,364,703,405,404,406,403,420,410,406,406,412,404,402,396,400,404,184,207,204,182,88,130,109,116,71,241,165,880,502,1319,4271,371,19,22,1256,1260,370,719,551,544,493,923,929,934,892,921,955,408,406,451,403,404,410,408,393,670,525,543,259,47,150,38,960,955,58,829,62,37,463,421,421,427,417,486,794,838,21,19,22,22,20,24,21,22,19,19,20,21,22,18,19,18,22,21,29,14,1291,1282,1150,1181
5,1251,7,12,92,40,0,182,163,54,57,55,440,1264,1234,107,7,29,7,1016,822,872,18,18,8,11,820,149,291,279,51,45,47,49,50,49,58,63,46,48,30,47,31,49,50,50,57,63,51,55,49,60,75,64,42,34,51,52,61,32,65,47,46,37,51,57,58,26,15,5,15,1124,882,953,246,1154,1057,673,391,733,371,369,372,369,381,376,372,371,378,370,366,362,366,369,223,247,242,220,111,166,149,156,111,279,193,862,542,1358,4234,336,48,31,1242,1246,330,741,531,582,529,903,909,915,872,901,934,371,370,414,368,368,377,373,405,633,499,536,232,12,111,2,946,940,27,805,21,4,502,458,458,464,453,526,787,834,56,49,55,52,52,55,50,50,53,53,54,48,48,54,51,53,55,53,60,48,1274,1269,1137,1168
6,1303,184,174,270,142,182,0,21,131,128,136,618,1321,1286,246,178,193,188,839,822,862,172,191,186,174,911,228,442,371,131,140,137,136,134,137,126,121,139,135,162,138,155,158,132,133,129,128,180,130,133,128,152,118,141,155,132,134,124,156,122,136,137,148,132,127,126,158,190,185,168,1244,1009,1100,76,1216,1126,571,315,622,540,539,541,538,561,545,541,540,548,539,538,530,535,538,44,80,70,60,119,56,34,28,71,107,114,937,366,1187,4391,508,142,154,1294,1298,512,676,621,426,387,985,991,994,959,984,1019,547,543,591,539,541,542,544,403,808,639,609,382,187,286,180,1002,998,192,906,203,178,323,287,287,293,284,356,854,883,127,135,129,133,131,130,134,136,131,130,129,137,138,129,133,129,128,131,127,134,1341,1319,1185,1215
7,1304,166,154,250,123,163,21,0,114,111,119,601,1322,1287,225,158,173,169,856,812,853,152,173,167,155,908,220,429,365,113,122,119,118,116,120,109,103,121,117,145,120,138,142,114,115,112,112,164,113,115,111,138,100,122,137,114,117,106,138,105,118,120,130,114,109,108,139,172,166,148,1225,989,1079,97,1216,1125,572,311,625,519,518,520,517,541,524,520,519,527,518,517,509,514,517,65,90,90,78,110,59,21,7,52,128,120,935,382,1202,4378,487,122,136,1295,1299,493,673,616,437,394,983,989,992,955,981,1016,526,522,570,518,520,521,523,391,787,618,592,361,168,269,161,1002,998,175,901,184,159,344,308,308,314,304,370,838,868,109,117,112,115,113,112,117,118,112,112,111,119,121,111,115,111,111,114,110,116,1340,1321,1187,1217
8,1248,55,49,146,23,54,131,114,0,4,11,487,1263,1231,148,51,74,59,970,834,881,51,60,60,44,829,140,322,283,9,9,7,5,5,6,5,11,8,6,31,7,24,32,8,6,4,13,54,2,8,7,46,18,13,23,6,3,8,25,11,7,8,17,6,5,7,37,59,55,42,1169,927,1003,193,1154,1059,653,376,711,424,422,425,422,435,429,425,424,431,423,420,415,419,422,171,202,189,166,65,112,98,108,62,226,143,866,496,1315,4270,389,40,23,1239,1243,382,733,538,544,496,909,915,920,879,907,941,425,424,467,421,422,429,426,412,687,547,566,280,56,155,51,944,938,61,817,74,50,449,404,404,410,400,483,817,860,6,5,3,2,4,2,3,4,6,6,6,6,7,8,4,7,4,2,6,10,1276,1265,1133,1163
9,1248,58,53,149,26,57,128,111,4,0,11,490,1263,1231,151,55,77,62,967,835,882,54,64,63,48,830,140,324,284,11,12,10,9,8,9,2,8,11,9,34,11,28,34,10,9,2,11,56,2,10,5,46,17,16,27,8,6,5,28,7,10,11,20,8,4,5,41,63,59,45,1171,930,1006,190,1154,1059,652,375,709,427,426,428,425,438,432,428,428,434,426,423,419,423,426,168,199,186,163,62,109,94,105,59,223,140,866,493,1312,4273,393,42,27,1239,1243,386,733,538,541,494,910,915,920,880,908,942,428,427,471,424,425,433,430,413,690,550,568,283,60,158,55,944,938,64,818,78,53,446,400,401,407,396,480,819,862,6,8,3,5,6,2,7,8,7,8,7,9,10,9,7,8,4,5,3,12,1276,1265,1133,1163
10,1237,55,53,147,32,55,136,119,11,11,0,482,1252,1220,154,54,78,59,975,844,892,56,58,62,45,819,129,314,273,19,12,13,12,15,9,13,18,12,15,28,13,24,24,18,16,9,8,46,10,17,8,36,28,19,22,16,8,15,23,14,16,15,18,16,15,16,43,58,56,45,1175,933,1007,195,1144,1048,663,386,720,426,424,427,424,434,431,427,427,433,425,421,418,421,424,174,208,191,167,58,112,102,113,68,227,138,855,501,1321,4263,391,50,24,1228,1232,381,744,527,551,504,899,905,910,869,897,931,425,425,468,423,423,432,428,422,688,552,575,285,55,151,53,933,928,57,807,74,51,451,404,404,410,400,489,826,869,16,13,13,12,15,12,12,10,16,17,16,11,10,18,14,18,15,13,10,19,1265,1255,1122,1153
11,1127,436,450,366,480,440,618,601,487,490,482,0,1127,1111,433,445,438,433,1456,1055,1117,453,428,437,446,647,440,234,391,488,478,481,482,485,481,492,497,479,483,456,480,463,461,487,485,489,490,440,488,485,490,473,501,479,464,487,484,495,462,496,483,481,471,486,492,493,465,429,436,454,1023,787,768,672,1015,909,1061,784,1128,280,280,279,284,178,285,282,284,276,282,261,291,282,286,656,687,670,643,514,588,584,594,548,704,585,728,982,1797,3818,267,486,464,1119,1122,150,1083,457,1015,957,741,744,759,702,738,760,228,256,218,268,259,310,269,721,348,469,682,377,433,332,442,850,838,426,606,419,443,926,868,869,875,864,965,885,968,491,484,489,486,487,488,484,482,488,489,490,481,480,490,486,489,490,487,491,485,1111,1148,1036,1067
12,39,1257,1274,1276,1279,1264,1321,1322,1263,1263,1252,1127,0,47,1349,1270,1288,1259,1945,2081,2134,1281,1247,1269,1259,481,1123,1031,985,1271,1261,1264,1263,1266,1260,1265,1269,1261,1266,1249,1263,1256,1234,1270,1268,1261,1253,1218,1262,1269,1258,1217,1279,1267,1253,1268,1260,1266,1254,1262,1267,1265,1260,1268,1267,1268,1280,1249,1259,1271,2142,1912,1870,1302,113,218,1891,1631,1937,1386,1385,1385,1388,1293,1392,1387,1389,1384,1387,1366,1393,1386,1391,1321,1393,1308,1287,1221,1265,1302,1321,1297,1311,1209,410,1576,2300,3427,1360,1297,1258,43,41,1236,1993,740,1700,1686,387,383,369,426,389,368,1337,1364,1340,1373,1366,1414,1376,1670,1451,1584,1750,1398,1252,1196,1264,320,325,1237,521,1258,1263,1411,1331,1335,1338,1329,1603,1983,2054,1269,1265,1265,1264,1267,1264,1263,1261,1268,1269,1269,1262,1260,1271,1266,1270,1267,1265,1261,1271,75,49,146,126
13,17,1226,1244,1248,1248,1234,1286,1287,1231,1231,1220,1111,47,0,1320,1239,1258,1229,1901,2053,2105,1250,1216,1239,1228,464,1091,1007,954,1239,1229,1232,1231,1234,1228,1233,1236,1230,1234,1217,1231,1224,1202,1237,1236,1228,1221,1187,1230,1237,1226,1185,1247,1236,1222,1236,1228,1233,1222,1230,1235,1233,1228,1236,1235,1236,1249,1219,1228,1240,2129,1897,1860,1265,100,203,1855,1597,1900,1366,1365,1365,1368,1274,1372,1367,1369,1364,1367,1346,1372,1366,1370,1285,1357,1271,1251,1188,1230,1268,1287,1263,1274,1173,387,1536,2256,3473,1339,1266,1226,8,12,1216,1959,713,1661,1648,370,368,352,410,373,355,1318,1344,1322,1353,1346,1394,1356,1639,1439,1564,1725,1373,1222,1168,1234,287,294,1207,508,1228,1232,1370,1289,1294,1297,1288,1563,1960,2030,1236,1233,1233,1232,1235,1232,1231,1229,1236,1237,1236,1230,1228,1239,1234,1238,1235,1233,1228,1239,117,37,103,80
14,1338,112,103,79,125,107,246,225,148,151,154,433,1349,1320,0,104,78,108,1043,732,785,99,119,99,117,894,252,341,368,141,142,142,143,142,146,150,152,142,141,135,142,134,155,141,142,152,160,156,149,141,155,181,147,136,137,143,148,153,135,157,140,141,136,143,148,148,111,116,110,111,1021,780,859,320,1238,1138,635,354,700,297,296,298,294,333,301,298,297,305,295,297,286,292,294,290,288,314,297,212,250,219,218,182,352,290,943,576,1373,4249,266,113,133,1329,1333,299,681,611,588,526,980,985,993,947,978,1010,310,302,354,297,300,297,302,328,566,400,430,137,115,156,108,1034,1027,128,874,101,110,566,533,532,538,529,549,681,732,146,143,147,146,144,148,145,145,144,144,145,144,144,143,144,143,147,146,154,139,1355,1356,1226,1257
15,1257,14,5,95,36,7,178,158,51,55,54,445,1270,1239,104,0,26,14,1011,817,867,12,25,9,13,826,154,298,285,48,43,45,46,47,47,56,60,44,46,31,44,31,51,47,47,55,62,55,53,46,58,77,60,39,34,48,50,58,32,62,45,44,36,48,54,55,20,22,12,10,1123,881,953,243,1160,1063,666,385,727,372,371,373,371,385,378,373,373,379,371,368,364,368,371,219,242,239,217,111,163,145,152,107,276,192,868,537,1352,4241,338,41,31,1248,1251,334,735,537,576,523,909,915,921,878,908,940,374,373,416,369,370,378,375,400,636,499,532,231,18,118,6,952,946,33,811,26,7,499,455,455,461,451,520,783,830,53,47,52,50,50,53,48,48,50,50,51,46,46,51,48,50,53,50,58,45,1280,1274,1143,1174
16,1275,34,25,78,54,29,193,173,74,77,78,438,1288,1258,78,26,0,31,1019,796,847,23,43,21,39,841,177,304,304,69,67,67,69,69,71,78,81,67,68,57,67,56,76,69,69,78,85,79,76,68,81,102,78,61,59,70,74,80,58,85,67,66,60,70,76,76,37,40,32,33,1097,855,929,262,1178,1080,659,376,720,351,350,352,349,369,356,352,352,359,350,348,342,347,350,236,252,257,236,136,184,161,166,123,295,217,885,547,1358,4241,318,51,55,1266,1270,321,722,553,579,524,925,930,937,893,923,956,355,352,398,349,350,356,354,382,616,474,507,207,38,118,30,971,964,53,824,31,32,515,474,474,481,470,527,758,806,74,69,74,72,71,75,71,71,71,71,72,69,69,72,70,71,74,72,80,66,1297,1293,1162,1193
17,1246,5,19,88,47,7,188,169,59,62,59,433,1259,1229,108,14,31,0,1023,827,877,25,12,10,15,814,146,284,274,57,50,52,54,55,54,63,68,51,54,32,52,35,50,56,55,62,67,48,60,55,64,75,70,48,37,57,57,66,36,69,53,51,42,56,62,63,33,10,3,21,1124,881,951,252,1149,1051,680,398,740,367,366,368,365,376,372,368,368,374,366,362,359,362,366,229,254,248,225,114,170,155,163,117,285,196,857,549,1365,4227,332,55,36,1237,1241,324,748,525,589,536,897,903,909,866,895,928,366,366,409,364,364,374,369,411,629,498,538,230,7,104,9,941,935,22,799,16,10,508,462,463,469,458,533,789,837,61,54,60,57,58,60,55,54,58,59,59,53,52,59,56,59,61,58,64,54,1268,1264,1133,1163
18,1916,1020,1006,1095,976,1016,839,856,970,967,975,1456,1945,1901,1043,1011,1019,1023,0,1079,1065,1003,1028,1019,1010,1647,1050,1276,1173,968,978,975,974,971,975,965,959,977,973,1001,976,993,997,970,971,968,968,1019,969,971,967,990,955,977,993,969,972,962,994,961,973,975,985,970,965,964,991,1027,1020,1001,1808,1625,1773,796,1861,1797,623,758,575,1327,1325,1328,1323,1376,1329,1327,1326,1335,1325,1331,1313,1321,1322,805,769,796,824,952,877,873,862,908,767,898,1638,474,363,5205,1302,970,992,1908,1911,1338,778,1383,470,545,1697,1704,1699,1681,1696,1733,1349,1337,1394,1330,1334,1317,1334,912,1592,1344,1170,1155,1023,1125,1014,1655,1657,1030,1659,1037,1013,573,652,649,643,655,494,1318,1280,965,973,967,971,969,968,972,974,968,967,967,975,976,966,971,967,966,969,966,971,1988,1925,1799,1822
19,2070,829,813,806,814,822,822,812,834,835,844,1055,2081,2053,732,817,796,827,1079,0,65,806,839,817,829,1621,970,1060,1099,825,834,831,832,829,836,833,830,833,829,842,832,835,859,826,828,837,845,871,835,827,840,880,820,827,838,828,836,833,838,837,828,830,833,828,830,830,810,836,827,818,782,675,858,877,1970,1870,464,528,504,780,780,782,776,882,777,779,777,786,778,798,767,777,774,845,779,869,876,888,870,826,809,817,889,931,1674,836,1255,4775,789,795,834,2061,2065,908,301,1342,708,646,1709,1714,1723,1675,1707,1738,832,804,855,792,800,752,792,423,925,631,379,699,834,886,822,1766,1759,849,1596,826,824,974,1006,1003,1005,1004,779,310,230,829,831,832,833,830,833,832,834,828,827,828,833,835,826,830,827,830,832,837,825,2086,2088,1958,1989
20,2122,880,863,860,862,872,862,853,881,882,892,1117,2134,2105,785,867,847,877,1065,65,0,856,889,867,879,1677,1019,1116,1151,872,882,879,880,877,884,880,877,881,877,891,880,884,907,874,876,884,893,920,882,875,887,927,867,875,887,875,884,880,886,884,876,878,882,876,878,877,859,887,877,867,827,733,916,914,2023,1924,462,560,494,843,843,845,840,945,840,842,840,850,842,862,831,841,837,882,814,906,915,933,912,868,851,861,924,973,1728,850,1223,4840,851,844,882,2113,2117,970,291,1396,716,659,1764,1769,1778,1730,1762,1793,895,867,919,855,864,815,856,469,991,697,443,758,884,940,873,1818,1811,899,1653,877,874,996,1032,1029,1031,1030,794,367,281,876,878,879,880,877,881,880,882,876,875,876,881,883,874,878,874,878,879,885,873,2140,2140,2010,2040
21,1268,25,7,98,31,18,172,152,51,54,56,453,1281,1250,99,12,23,25,1003,806,856,0,36,17,23,838,164,309,297,46,44,45,46,46,48,55,58,45,45,38,45,35,57,46,46,55,63,65,53,45,58,83,56,39,38,47,51,57,37,62,44,44,38,47,53,53,14,34,24,12,1119,877,952,240,1171,1074,655,373,715,374,373,375,372,389,379,375,375,381,373,370,365,369,372,215,234,235,214,114,161,140,146,102,273,194,880,529,1344,4251,340,32,34,1259,1262,340,723,549,566,513,921,926,932,889,919,952,377,375,420,371,373,379,377,389,639,496,524,229,30,127,17,963,957,45,823,36,18,494,452,452,458,448,512,775,822,51,46,51,49,49,52,48,48,48,48,50,46,46,49,48,48,51,50,58,43,1291,1285,1154,1185
22,1233,11,30,91,53,18,191,173,60,64,58,428,1247,1216,119,25,43,12,1028,839,889,36,0,22,19,802,134,274,262,61,51,54,55,57,55,65,70,53,56,30,53,36,44,59,58,63,66,38,61,58,65,69,74,51,37,60,58,68,36,70,56,54,44,59,64,65,42,3,13,30,1131,888,956,253,1137,1039,691,409,751,370,369,371,369,376,376,371,371,377,369,365,362,366,369,231,259,249,225,109,170,158,167,121,286,192,844,554,1372,4219,335,64,37,1224,1228,322,759,513,597,545,885,891,897,854,883,916,368,369,410,366,367,378,372,423,630,505,549,238,6,97,19,929,923,10,787,19,18,509,462,462,469,458,539,799,849,64,57,62,59,60,62,57,56,61,61,62,54,53,63,59,62,63,60,65,57,1256,1251,1120,1151
23,1256,13,13,86,44,8,186,167,60,63,62,437,1269,1239,99,9,21,10,1019,817,867,17,22,0,19,824,156,292,284,57,52,53,55,56,56,64,68,52,54,37,53,38,56,56,55,63,70,57,61,55,66,82,68,48,41,57,59,67,39,71,53,52,44,57,63,63,29,20,11,19,1117,874,946,252,1159,1061,671,389,732,364,363,365,362,376,369,365,365,371,363,360,356,359,363,228,250,248,225,118,172,154,160,115,285,200,867,546,1360,4234,330,49,38,1247,1251,326,738,535,583,530,907,913,919,875,905,938,365,364,408,361,362,370,367,401,627,492,529,224,17,110,9,951,945,32,808,19,12,507,463,464,470,459,528,779,828,62,55,61,58,58,61,56,56,58,59,60,54,54,59,57,59,61,59,66,54,1278,1274,1143,1173
24,1245,11,16,102,34,11,174,155,44,48,45,446,1259,1228,117,13,39,15,1010,829,879,23,19,19,0,816,141,292,274,43,35,38,39,41,39,49,54,36,39,19,37,21,38,42,41,47,52,42,45,41,50,64,56,33,23,43,42,52,21,55,39,37,28,42,48,49,24,17,11,13,1135,893,964,237,1149,1052,674,393,733,381,380,382,379,391,386,382,382,388,380,377,373,377,380,215,241,233,210,100,156,141,149,103,270,182,858,536,1353,4237,346,46,21,1236,1240,339,745,527,578,527,899,904,910,868,897,930,381,381,424,378,379,388,384,411,643,510,545,243,13,116,9,940,934,25,802,30,7,493,448,448,454,444,521,796,843,47,40,45,43,43,45,41,40,44,44,45,38,38,45,42,45,46,43,50,40,1269,1263,1131,1162
25,480,813,831,817,842,820,911,908,829,830,819,647,481,464,894,826,841,814,1647,1621,1677,838,802,824,816,0,692,562,546,837,825,829,828,832,825,832,837,826,831,810,827,818,798,835,833,828,821,779,829,834,826,785,847,831,815,834,826,833,816,830,832,829,823,833,834,835,839,805,815,829,1666,1433,1399,911,368,263,1479,1205,1532,906,905,905,908,812,912,907,909,904,907,886,913,906,911,922,989,915,890,799,857,887,905,873,928,808,97,1221,2010,3578,880,859,820,472,476,756,1561,292,1323,1295,94,97,112,55,92,117,857,884,859,893,886,934,896,1220,977,1104,1277,928,808,738,821,226,211,793,54,810,820,1079,997,1001,1006,995,1235,1506,1580,835,830,832,830,833,830,829,827,834,835,835,827,825,837,831,836,833,831,828,835,471,501,394,424
26,1108,143,158,204,157,149,228,220,140,140,129,440,1123,1091,252,154,177,146,1050,970,1019,164,134,156,141,692,0,228,146,148,138,141,140,143,137,142,146,139,143,128,140,134,112,146,145,138,130,99,139,146,135,94,156,145,132,145,137,143,132,139,144,142,137,145,144,145,160,137,145,152,1250,1005,1060,254,1014,919,787,513,842,463,462,463,462,441,469,464,464,468,462,453,458,459,463,251,308,255,227,110,178,199,217,181,282,153,727,582,1404,4167,426,175,136,1099,1103,376,872,401,654,614,771,777,781,742,769,803,447,456,485,456,455,477,462,550,703,621,683,358,139,150,149,804,798,125,683,151,147,494,431,432,439,427,579,933,983,146,142,142,141,144,141,140,138,145,146,146,139,137,148,143,147,144,142,138,148,1136,1126,993,1024
27,1024,285,303,262,325,291,442,429,322,324,314,234,1031,1007,341,298,304,284,1276,1060,1116,309,274,292,292,562,228,0,157,327,315,318,319,322,316,326,332,316,321,293,317,302,290,325,323,322,319,268,322,323,322,291,339,318,301,324,318,328,300,328,321,318,309,324,327,328,316,276,286,304,1185,940,955,480,919,816,963,680,1024,379,378,379,380,311,386,381,382,380,380,362,382,377,382,472,520,480,452,325,400,409,424,380,509,381,621,805,1628,3949,346,338,304,1015,1019,240,1021,298,865,817,652,656,666,616,650,679,341,361,362,368,362,404,372,668,555,573,718,367,280,188,293,725,716,268,537,275,292,723,657,659,665,653,799,955,1023,327,320,324,321,324,323,320,318,325,326,326,317,316,328,322,327,326,323,324,324,1030,1043,919,950
28,972,272,290,301,297,279,371,365,283,284,273,391,985,954,368,285,304,274,1173,1099,1151,297,262,284,274,546,146,157,0,291,280,283,283,286,279,286,290,280,285,265,282,273,252,289,287,281,275,235,283,288,280,239,300,286,271,288,280,287,271,284,286,284,277,287,288,289,296,265,274,287,1311,1065,1095,386,875,778,933,659,988,504,502,504,504,452,510,505,506,507,504,489,503,501,506,389,451,389,361,255,319,344,362,327,410,280,584,713,1531,4035,468,315,275,963,967,381,1016,255,795,758,626,632,637,596,625,658,474,490,502,494,490,524,499,685,706,686,789,444,268,223,280,667,661,252,537,273,278,605,533,535,541,529,716,1036,1094,289,284,286,284,287,284,283,281,288,289,289,281,280,291,285,290,287,285,282,290,995,990,859,890
29,1257,54,45,143,16,51,131,113,9,11,19,488,1271,1239,141,48,69,57,968,825,872,46,61,57,43,837,148,327,291,0,12,8,8,5,12,10,12,11,6,34,10,26,39,2,4,12,22,60,10,3,16,55,13,10,26,3,12,12,27,17,6,8,18,4,7,7,32,59,54,38,1161,920,997,195,1163,1067,646,368,704,420,418,421,418,433,425,421,420,427,419,416,411,415,418,172,199,191,169,73,115,98,106,60,228,149,874,494,1312,4275,386,31,24,1248,1251,382,725,546,540,491,917,923,928,887,916,949,422,420,465,417,418,425,423,403,684,540,557,274,56,157,49,952,947,63,825,73,48,451,407,407,413,403,480,808,851,6,7,7,8,5,9,8,10,3,3,4,10,12,3,6,3,6,7,14,3,1284,1274,1142,1172
30,1246,46,42,137,20,45,140,122,9,12,12,478,1261,1229,142,43,67,50,978,834,882,44,51,52,35,825,138,315,280,12,0,4,4,7,4,14,19,1,6,23,2,15,28,10,8,12,19,48,10,9,15,46,25,7,15,10,7,17,16,20,6,4,8,9,13,14,31,50,47,34,1163,921,996,202,1152,1056,658,380,716,416,414,417,414,426,421,417,416,423,415,411,407,411,414,180,210,198,175,70,121,106,116,70,235,150,863,504,1323,4263,381,38,14,1237,1241,374,736,534,551,503,906,912,917,876,904,938,416,416,459,413,413,421,418,413,678,540,563,273,47,147,43,942,936,52,813,65,41,458,412,413,419,408,491,814,858,13,6,11,8,9,10,6,4,11,11,12,3,2,13,8,12,12,9,15,10,1273,1263,1131,1162
31,1249,48,43,139,18,47,137,119,7,10,13,481,1264,1232,142,45,67,52,975,831,879,45,54,53,38,829,141,318,283,8,4,0,2,4,5,11,16,3,2,26,1,18,31,6,5,10,18,52,8,5,14,48,21,6,18,6,6,14,19,18,3,1,11,5,10,11,31,53,49,35,1163,921,997,200,1155,1060,655,377,712,417,416,418,415,428,422,418,418,424,416,413,409,412,416,177,207,196,173,70,119,103,113,67,233,149,866,501,1319,4267,383,36,17,1240,1244,376,733,538,548,499,909,915,920,879,908,941,418,417,461,414,415,423,420,410,680,540,561,274,50,150,45,945,939,56,816,68,43,455,410,411,417,406,487,812,856,10,2,8,5,6,8,3,4,7,8,8,2,4,9,4,8,9,6,13,7,1276,1267,1134,1165
32,1248,50,44,141,20,49,136,118,5,9,12,482,1263,1231,143,46,69,54,974,832,880,46,55,55,39,828,140,319,283,8,4,2,0,3,4,10,15,3,3,27,2,20,31,6,5,9,17,52,7,6,12,47,20,8,19,6,5,13,20,16,4,3,12,5,9,10,33,54,50,37,1164,923,998,198,1154,1059,655,377,712,419,417,420,417,430,424,420,419,426,418,414,410,414,417,176,206,194,171,69,117,102,112,66,231,148,866,500,1319,4267,384,37,18,1239,1243,377,733,537,547,498,909,915,920,879,907,941,419,419,462,416,417,424,421,411,682,542,563,275,51,151,46,944,939,57,816,69,44,454,409,409,415,405,486,814,857,9,2,6,3,5,6,2,2,6,7,7,2,3,9,3,8,8,4,11,7,1276,1266,1134,1164
33,1252,51,45,142,18,50,134,116,5,8,15,485,1266,1234,142,47,69,55,971,829,877,46,57,56,41,832,143,322,286,5,7,4,3,0,7,9,13,6,1,29,5,22,34,3,1,9,18,55,7,3,13,50,17,8,22,2,7,11,23,16,2,4,14,2,7,8,32,56,52,37,1163,922,998,197,1158,1062,651,374,709,419,418,420,417,431,424,420,420,426,418,415,411,415,418,174,203,193,170,70,116,100,110,64,230,148,869,498,1316,4270,385,35,20,1242,1246,379,730,540,544,495,912,918,923,882,910,944,421,420,463,416,417,425,422,408,683,542,561,275,53,154,47,947,942,59,819,71,46,453,408,408,414,404,484,812,855,6,2,5,4,3,6,3,5,3,4,5,5,6,6,1,5,6,3,12,5,1279,1269,1137,1167
34,1245,50,46,141,23,49,137,120,6,9,9,481,1260,1228,146,47,71,54,975,836,884,48,55,56,39,825,137,316,279,12,4,5,4,7,0,11,16,3,6,25,4,19,28,10,8,8,15,49,7,9,11,44,23,10,18,9,3,13,19,16,7,6,12,8,11,12,35,54,51,38,1166,925,1000,198,1151,1056,658,380,715,420,418,421,418,430,425,421,420,427,419,415,411,415,418,177,208,195,171,67,117,103,113,67,231,146,862,501,1320,4265,385,41,18,1236,1240,377,737,534,549,501,905,911,916,875,904,937,420,419,463,417,417,425,422,414,682,544,566,277,51,150,47,941,935,55,813,69,45,454,409,409,415,405,488,817,860,11,5,8,5,8,7,4,2,9,10,10,2,2,12,6,11,10,6,11,11,1272,1262,1130,1161
35,1250,59,53,150,25,58,126,109,5,2,13,492,1265,1233,150,56,78,63,965,833,880,55,65,64,49,832,142,326,286,10,14,11,10,9,11,0,6,13,10,36,12,29,37,9,9,5,13,59,4,10,7,48,14,16,28,8,8,3,30,7,11,12,22,8,3,3,41,64,60,46,1171,930,1006,188,1157,1062,650,373,707,428,427,429,426,439,433,429,429,435,427,424,419,423,427,166,197,185,161,63,108,93,103,57,221,140,868,491,1310,4275,394,41,28,1241,1245,387,730,541,539,491,912,918,923,882,910,944,429,428,472,425,426,433,431,411,691,550,567,283,61,160,56,946,941,66,821,79,54,444,399,400,406,395,478,818,860,4,9,4,6,6,4,8,10,7,7,6,11,12,7,7,7,3,6,5,12,1278,1267,1135,1165
36,1253,64,57,154,28,63,121,103,11,8,18,497,1269,1236,152,60,81,68,959,830,877,58,70,68,54,837,146,332,290,12,19,16,15,13,16,6,0,18,15,42,17,34,42,13,13,10,16,64,10,13,11,52,10,21,34,11,13,3,35,7,15,17,27,12,6,5,44,69,65,50,1173,932,1009,184,1160,1065,645,368,702,432,430,433,430,444,437,433,432,439,431,428,423,427,430,161,192,180,157,63,104,87,97,51,217,138,872,485,1304,4280,398,41,33,1244,1248,392,726,545,534,486,916,922,927,886,915,948,433,432,476,429,430,437,435,408,695,552,567,286,66,166,60,949,944,71,825,84,59,439,395,395,401,391,472,817,859,7,14,8,12,10,9,13,15,10,10,9,16,17,9,12,10,7,10,9,15,1282,1271,1138,1169
37,1247,47,42,138,20,46,139,121,8,11,12,479,1261,1230,142,44,67,51,977,833,881,45,53,52,36,826,139,316,280,11,1,3,3,6,3,13,18,0,5,24,1,17,28,9,7,11,18,49,9,8,14,46,23,7,16,8,6,15,17,18,5,3,9,8,12,13,32,52,48,35,1163,922,996,201,1153,1057,657,379,715,417,415,418,415,427,422,418,417,423,415,412,408,412,415,179,209,197,174,70,120,105,115,69,234,149,864,503,1322,4264,382,38,16,1238,1242,375,736,535,550,501,907,912,918,877,905,939,417,416,460,414,414,422,419,412,679,541,563,274,48,148,44,942,937,54,814,66,42,457,411,412,418,407,489,814,857,12,5,9,6,8,9,5,3,9,10,10,2,2,12,6,11,11,7,14,9,1274,1264,1132,1163
38,1251,50,43,140,17,48,135,117,6,9,15,483,1266,1234,141,46,68,54,973,829,877,45,56,54,39,831,143,321,285,6,6,2,3,1,6,10,15,5,0,28,4,20,33,4,2,10,19,54,8,3,14,50,19,6,20,4,7,13,21,17,1,2,13,3,9,10,31,55,50,36,1162,921,997,198,1157,1062,652,374,710,418,417,419,416,430,423,419,419,425,417,414,409,413,416,176,205,194,171,71,118,102,111,65,231,149,868,499,1317,4269,384,35,19,1242,1246,378,731,540,545,496,911,917,922,881,910,943,419,418,462,415,416,423,421,408,681,540,560,274,52,152,46,947,941,58,819,69,44,454,409,410,416,405,485,811,854,8,1,7,4,4,7,3,5,5,6,6,4,6,7,3,6,7,5,13,5,1279,1269,1136,1167
39,1235,28,33,120,32,30,162,145,31,34,28,456,1249,1217,135,31,57,32,1001,842,891,38,30,37,19,810,128,293,265,34,23,26,27,29,25,36,42,24,28,0,25,9,19,32,30,33,36,31,32,31,35,45,47,25,8,32,28,39,7,41,28,26,16,31,36,37,31,30,29,26,1154,912,983,223,1139,1043,676,397,735,399,398,400,397,406,404,400,400,406,398,394,391,394,398,202,233,219,195,81,140,129,139,93,256,164,849,527,1345,4241,364,49,11,1226,1229,352,751,519,573,524,891,897,902,861,890,923,398,398,440,396,396,406,401,422,660,529,562,262,28,124,28,930,924,30,796,47,26,479,432,432,438,428,513,813,859,36,28,33,30,32,33,28,27,33,34,34,26,24,35,30,34,34,31,36,31,1260,1252,1120,1151
40,1248,48,43,139,19,47,138,120,7,11,13,480,1263,1231,142,44,67,52,976,832,880,45,53,53,37,827,140,317,282,10,2,1,2,5,4,12,17,1,4,25,0,17,30,8,6,10,18,50,9,7,14,47,22,7,17,7,6,15,18,18,4,2,10,7,11,12,31,52,48,35,1163,921,996,200,1154,1058,656,378,714,417,415,418,415,428,422,418,418,424,416,413,408,412,415,178,208,196,173,70,119,104,114,68,233,149,865,502,1321,4265,382,37,16,1239,1243,375,734,536,549,500,908,914,919,878,906,940,418,417,460,414,415,423,419,411,680,540,562,274,49,149,44,944,938,55,815,67,42,456,411,411,417,407,488,813,857,11,3,9,6,7,8,4,3,8,9,9,2,2,11,5,10,10,7,13,8,1275,1265,1133,1164
41,1242,31,31,123,24,31,155,138,24,28,24,463,1256,1224,134,31,56,35,993,835,884,35,36,38,21,818,134,302,273,26,15,18,20,22,19,29,34,17,20,9,17,0,24,24,22,27,32,38,25,23,29,48,39,16,3,24,22,32,2,35,20,18,8,23,29,30,26,35,32,23,1153,911,984,217,1147,1051,668,389,727,402,401,403,400,411,407,403,403,409,401,397,394,397,401,195,225,213,190,80,135,122,131,85,250,162,857,519,1338,4249,367,42,2,1233,1237,358,743,527,565,515,899,905,910,868,897,931,402,401,444,399,399,408,404,415,664,529,558,262,32,132,29,937,931,37,804,51,27,473,427,427,434,423,505,809,855,28,21,26,23,24,26,21,20,25,26,27,19,18,27,23,27,27,24,30,23,1268,1259,1127,1158
42,1219,45,52,135,45,49,158,142,32,34,24,461,1234,1202,155,51,76,50,997,859,907,57,44,56,38,798,112,290,252,39,28,31,31,34,28,37,42,28,33,19,30,24,0,37,35,32,30,23,33,36,32,26,50,34,20,36,29,38,21,38,34,32,26,36,38,39,49,45,47,45,1173,930,1000,213,1125,1029,685,408,743,415,413,416,413,418,420,416,415,421,414,409,407,410,414,195,232,210,185,65,129,124,136,91,246,147,836,524,1344,4239,379,64,25,1210,1214,363,764,507,575,528,878,884,889,848,877,910,411,413,453,411,411,422,416,438,674,548,581,280,44,130,47,915,909,40,785,63,45,469,420,420,427,416,512,832,878,38,33,35,33,36,34,32,29,37,38,38,29,28,39,34,39,37,34,34,38,1246,1237,1105,1135
43,1255,52,45,142,16,50,132,114,8,10,18,487,1270,1237,141,47,69,56,970,826,874,46,59,56,42,835,146,325,289,2,10,6,6,3,10,9,13,9,4,32,8,24,37,0,2,11,21,58,9,1,15,53,15,8,24,2,10,12,25,16,4,6,16,2,7,8,31,58,53,37,1162,921,997,196,1161,1065,648,370,706,419,418,420,417,432,424,420,420,426,418,415,411,414,418,173,201,192,169,72,116,99,108,62,229,149,872,496,1314,4273,385,32,22,1246,1249,380,727,544,542,493,915,921,926,885,914,947,421,420,464,417,418,424,422,405,683,540,558,274,54,155,48,950,945,61,823,71,46,452,408,408,414,403,481,809,852,6,5,6,6,4,8,6,8,3,3,4,8,10,4,4,3,6,5,13,3,1282,1272,1140,1170
44,1253,51,44,141,17,50,133,115,6,9,16,485,1268,1236,142,47,69,55,971,828,876,46,58,55,41,833,145,323,287,4,8,5,5,1,8,9,13,7,2,30,6,22,35,2,0,10,19,56,8,1,14,52,17,8,22,2,8,12,23,16,2,4,15,1,7,8,32,57,52,37,1162,921,997,197,1159,1064,650,372,708,419,418,420,417,431,424,420,420,426,418,415,410,414,417,174,203,193,170,71,117,100,109,63,230,149,870,497,1315,4271,385,34,21,1244,1248,379,729,542,543,494,913,919,924,883,912,945,420,419,463,416,417,424,422,406,682,541,560,274,53,154,47,949,943,60,821,71,46,452,408,408,414,404,483,810,854,6,3,6,5,3,7,4,7,3,4,4,6,8,5,2,4,6,4,12,3,1280,1270,1138,1169
45,1246,58,53,149,27,57,129,112,4,2,9,489,1261,1228,152,55,78,62,968,837,884,55,63,63,47,828,138,322,281,12,12,10,9,9,8,5,10,11,10,33,10,27,32,11,10,0,9,54,2,11,4,44,19,16,25,10,5,6,27,8,11,11,20,9,7,8,41,62,58,45,1172,931,1007,190,1152,1057,654,377,712,427,426,428,425,438,432,428,428,434,426,423,419,423,426,169,201,187,163,61,109,96,106,60,223,139,864,494,1314,4271,393,44,26,1237,1240,385,735,536,543,496,907,913,918,878,906,939,428,427,471,424,425,433,430,415,690,551,570,284,59,157,55,941,936,63,816,77,53,446,401,401,407,397,481,820,863,8,9,5,6,8,4,7,7,9,9,9,9,9,11,8,10,6,6,3,14,1274,1263,1131,1161
46,1238,63,60,155,36,63,128,112,13,11,8,490,1253,1221,160,62,85,67,968,845,893,63,66,70,52,821,130,319,275,22,19,18,17,18,15,13,16,18,19,36,18,32,30,21,19,9,0,52,12,21,6,36,26,25,30,19,12,13,31,9,20,20,26,19,15,16,50,66,64,52,1181,940,1014,187,1144,1050,660,384,717,434,432,435,432,442,439,435,434,440,432,429,425,429,432,166,202,183,159,52,104,94,107,61,220,131,857,494,1314,4268,399,53,31,1229,1233,388,742,529,546,499,901,906,911,871,899,933,433,433,476,430,431,440,436,423,695,559,579,292,63,158,61,934,928,65,810,82,59,443,396,396,403,392,482,830,873,17,18,15,15,17,13,16,15,18,19,18,17,16,20,17,19,16,15,8,23,1266,1255,1123,1153
47,1204,44,58,125,63,51,180,164,54,56,46,440,1218,1187,156,55,79,48,1019,871,920,65,38,57,42,779,99,268,235,60,48,52,52,55,49,59,64,49,54,31,50,38,23,58,56,54,52,0,55,57,54,36,72,53,36,58,51,61,36,60,54,52,44,57,60,61,61,40,47,53,1169,926,992,233,1109,1013,706,427,764,403,401,404,401,402,408,404,404,409,402,396,396,398,402,216,254,230,205,79,149,146,159,114,265,161,819,546,1366,4216,367,80,41,1195,1199,345,782,489,597,550,861,866,872,830,859,892,397,400,439,398,398,412,404,452,659,542,586,275,41,110,50,900,894,30,766,57,48,489,437,438,444,433,534,837,885,60,54,57,54,57,56,53,51,58,59,59,50,49,61,55,60,58,55,56,58,1230,1222,1090,1121
48,1247,56,51,147,25,55,130,113,2,2,10,488,1262,1230,149,53,76,60,969,835,882,53,61,61,45,829,139,322,283,10,10,8,7,7,7,4,10,9,8,32,9,25,33,9,8,2,12,55,0,9,6,45,18,14,24,7,4,7,26,9,9,9,18,7,5,6,39,61,57,43,1170,929,1005,192,1154,1058,653,376,711,425,424,426,423,436,430,426,426,432,424,421,417,421,424,170,201,188,165,63,111,97,107,61,225,141,865,495,1314,4271,391,41,25,1238,1242,384,734,537,543,495,909,914,919,879,907,941,426,425,469,422,423,431,428,413,688,548,567,282,57,156,53,943,938,62,817,75,51,448,402,403,409,398,482,818,861,6,7,3,3,5,2,5,6,7,7,7,7,8,9,6,8,5,4,5,11,1275,1265,1132,1163
49,1254,51,44,141,16,49,133,115,8,10,17,485,1269,1237,141,46,68,55,971,827,875,45,58,55,41,834,146,323,288,3,9,5,6,3,9,10,13,8,3,31,7,23,36,1,1,11,21,57,9,0,15,53,16,7,23,2,9,12,24,17,3,5,15,2,8,8,31,57,52,36,1161,920,997,197,1160,1065,649,371,707,418,417,419,416,431,423,419,419,425,417,414,410,414,417,174,202,193,170,72,117,100,109,63,230,150,871,497,1315,4271,384,33,21,1245,1249,379,728,543,543,494,914,920,925,884,913,946,420,419,463,416,417,424,421,405,682,540,558,274,53,154,47,950,944,60,822,70,45,453,409,409,415,404,483,809,852,7,4,7,6,4,8,6,8,3,4,5,7,9,5,4,4,7,5,13,2,1281,1271,1139,1170
50,1243,60,56,152,31,60,128,111,7,5,8,490,1258,1226,155,58,81,64,967,840,887,58,65,66,50,826,135,322,280,16,15,14,12,13,11,7,11,14,14,35,14,29,32,15,14,4,6,54,6,15,0,41,21,20,28,13,8,7,29,6,15,15,22,13,9,10,45,64,61,48,1176,935,1010,188,1150,1055,656,379,713,430,429,431,428,440,435,431,431,437,429,426,422,426,429,167,200,184,161,57,106,94,105,60,221,136,862,493,1313,4271,396,47,29,1234,1238,387,737,534,543,496,906,911,916,876,904,938,431,430,473,427,428,436,433,418,693,554,573,287,61,159,58,939,934,65,814,80,56,444,398,398,405,394,481,824,867,11,12,9,9,11,7,11,10,12,13,12,12,12,14,11,13,10,10,2,17,1272,1261,1128,1159
51,1202,71,78,159,66,75,152,138,46,46,36,473,1217,1185,181,77,102,75,990,880,927,83,69,82,64,785,94,291,239,55,46,48,47,50,44,48,52,46,50,45,47,48,26,53,52,44,36,36,45,53,41,0,62,53,45,52,43,48,46,45,51,49,48,51,50,51,73,70,73,70,1199,956,1025,199,1109,1014,695,420,751,438,436,439,436,438,443,439,439,444,437,431,430,433,437,185,229,197,171,44,115,118,134,92,232,125,821,517,1338,4240,402,84,49,1193,1197,380,778,494,575,530,865,870,875,835,863,897,433,435,474,433,433,446,439,458,695,573,606,306,69,144,73,898,892,63,775,88,71,454,402,403,409,398,508,857,902,52,49,49,47,50,47,47,45,52,53,52,46,45,54,49,53,50,48,44,55,1230,1219,1087,1117
52,1264,66,56,154,25,64,118,100,18,17,28,501,1279,1247,147,60,78,70,955,820,867,56,74,68,56,847,156,339,300,13,25,21,20,17,23,14,10,23,19,47,22,39,50,15,17,19,26,72,18,16,21,62,0,23,39,15,21,14,40,17,19,21,31,16,13,12,41,72,67,50,1166,926,1005,184,1171,1076,635,358,693,430,428,431,428,444,435,431,430,437,429,426,421,425,428,160,186,180,158,72,106,85,93,47,217,144,883,481,1299,4287,396,34,37,1255,1259,394,716,555,527,478,926,932,937,897,925,958,433,431,476,427,428,434,433,398,694,547,558,282,69,170,61,960,954,76,835,85,60,439,396,396,402,392,466,808,850,12,19,15,18,15,17,19,22,14,13,13,22,23,12,17,13,14,17,19,16,1292,1281,1149,1179
53,1253,44,37,134,13,42,141,122,13,16,19,479,1267,1236,136,39,61,48,977,827,875,39,51,48,33,831,145,318,286,10,7,6,8,8,10,16,21,7,6,25,7,16,34,8,8,16,25,53,14,7,20,53,23,0,17,9,13,19,18,23,5,5,9,9,15,16,25,50,45,29,1156,915,990,204,1158,1063,653,374,711,412,410,413,410,424,417,413,412,419,410,408,403,407,410,181,209,200,177,77,124,107,116,70,237,155,869,504,1322,4266,377,31,15,1244,1248,372,730,540,549,499,912,918,923,882,910,944,413,412,456,409,410,417,414,406,675,534,556,268,46,148,40,948,943,53,818,63,38,460,416,416,422,411,489,806,850,14,8,13,11,10,13,9,10,10,11,12,8,9,12,9,11,13,11,19,7,1280,1270,1138,1169
54,1239,33,34,125,26,34,155,137,23,27,22,464,1253,1222,137,34,59,37,993,838,887,38,37,41,23,815,132,301,271,26,15,18,19,22,18,28,34,16,20,8,17,3,20,24,22,25,30,36,24,23,28,45,39,17,0,24,21,31,2,33,20,18,8,23,28,29,29,37,34,26,1157,914,987,216,1144,1048,670,391,728,404,403,405,403,413,410,405,405,411,403,400,396,400,403,194,225,212,188,77,133,121,131,85,249,159,854,519,1338,4249,370,44,5,1230,1234,360,746,525,565,516,897,902,908,866,895,928,404,404,446,401,402,411,407,418,666,532,562,265,34,132,32,935,929,38,802,53,30,472,425,426,432,421,505,813,858,28,20,25,22,24,25,21,19,25,26,26,18,17,27,22,26,27,23,28,23,1265,1257,1125,1155
55,1253,53,46,143,18,51,132,114,6,8,16,487,1268,1236,143,48,70,57,969,828,875,47,60,57,43,834,145,324,288,3,10,6,6,2,9,8,11,8,4,32,7,24,36,2,2,10,19,58,7,2,13,52,15,9,24,0,8,10,25,15,4,6,16,1,6,6,33,58,54,38,1163,922,999,195,1160,1064,649,371,707,421,419,422,419,433,426,422,421,428,419,417,412,416,419,172,201,191,168,70,115,98,107,61,228,148,871,495,1314,4273,386,34,23,1244,1248,381,728,543,542,493,914,920,925,884,913,946,422,421,465,418,419,426,423,406,684,542,560,276,55,156,49,949,944,61,822,72,47,451,406,407,413,402,481,811,854,5,4,5,5,2,6,5,7,1,2,3,7,9,3,3,2,4,4,12,4,1281,1271,1139,1169
56,1245,53,49,144,25,52,134,117,3,6,8,484,1260,1228,148,50,74,57,972,836,884,51,58,59,42,826,137,318,280,12,7,6,5,7,3,8,13,6,7,28,6,22,29,10,8,5,12,51,4,9,8,43,21,13,21,8,0,10,22,13,8,8,15,8,9,10,38,57,54,41,1169,928,1003,195,1151,1056,657,379,714,423,421,424,421,433,428,424,424,430,422,418,414,418,421,173,205,191,168,64,114,100,111,65,228,143,863,499,1318,4267,388,42,21,1236,1240,380,736,535,547,499,906,912,917,876,904,938,423,423,466,420,421,429,425,415,685,547,568,280,54,153,50,941,935,58,814,72,48,451,405,406,412,401,485,818,862,9,6,6,4,7,5,4,3,8,9,9,5,5,11,6,10,8,5,7,12,1273,1262,1130,1161
57,1250,62,56,153,28,61,124,106,8,5,15,495,1266,1233,153,58,80,66,962,833,880,57,68,67,52,833,143,328,287,12,17,14,13,11,13,3,3,15,13,39,15,32,38,12,12,6,13,61,7,12,7,48,14,19,31,10,10,0,32,5,14,15,24,11,5,4,43,67,63,49,1173,932,1009,186,1157,1062,648,372,705,431,429,432,429,442,436,432,431,438,430,427,422,426,429,163,195,182,159,61,105,90,100,54,219,138,869,488,1307,4277,396,42,31,1241,1245,390,730,542,537,489,913,919,923,883,911,945,432,431,475,428,429,436,433,411,694,552,568,286,64,163,59,946,941,69,822,82,57,441,397,397,403,392,475,819,861,6,12,6,9,9,6,11,12,9,9,8,13,14,9,10,9,6,8,5,14,1279,1268,1135,1166
58,1239,31,32,124,26,32,156,138,25,28,23,462,1254,1222,135,32,58,36,994,838,886,37,36,39,21,816,132,300,271,27,16,19,20,23,19,30,35,17,21,7,18,2,21,25,23,27,31,36,26,24,29,46,40,18,2,25,22,32,0,35,21,19,9,24,29,30,28,35,33,25,1155,913,985,217,1144,1048,670,391,728,403,401,404,401,411,408,404,403,410,402,398,395,398,401,196,226,214,190,79,135,122,132,86,250,161,854,520,1339,4248,368,44,4,1230,1234,358,746,525,566,517,897,902,908,866,895,928,402,402,445,399,400,409,405,418,664,531,560,264,32,131,30,935,929,36,802,51,28,473,427,427,434,423,506,811,857,29,22,27,24,25,26,22,20,26,27,27,19,18,28,24,28,28,25,30,24,1265,1257,1125,1156
59,1247,65,60,157,32,65,122,105,11,7,14,496,1262,1230,157,62,85,69,961,837,884,62,70,71,55,830,139,328,284,17,20,18,16,16,16,7,7,18,17,41,18,35,38,16,16,8,9,60,9,17,6,45,17,23,33,15,13,5,35,0,18,18,27,15,9,9,48,70,66,53,1178,937,1014,183,1154,1059,650,374,707,435,433,436,433,445,440,436,435,442,434,431,426,430,433,161,194,179,155,56,101,88,99,53,216,133,866,487,1307,4277,400,47,34,1238,1242,393,733,539,537,490,910,916,921,880,908,942,436,435,478,432,433,440,437,415,698,557,573,291,67,165,62,943,937,71,819,85,60,439,393,393,400,389,474,824,866,11,16,10,13,13,10,14,15,14,14,13,17,17,14,14,14,11,12,5,19,1276,1264,1132,1162
