Node_ID,0,1,2,3,4,5,6,7,8,9,10,11,12,13,14,15,16,17,18,19,20,21,22,23,24,25,26,27,28,29,30,31,32,33,34,35,36,37,38,39,40,41,42,43,44,45,46,47,48,49,50,51,52,53,54,55,56,57,58,59,60,61,62,63,64,65,66,67,68,69,70,71,72,73,74,75,76,77,78,79,80,81,82,83,84,85,86,87,88,89,90,91,92,93,94,95,96,97,98,99,100,101,102,103,104,105,106,107,108,109,110,111,112,113,114,115,116,117,118,119,120,121,122,123,124,125,126,127,128,129,130,131,132,133,134,135,136,137,138,139,140,141,142,143,144,145,146,147,148,149,150,151,152,153,154,155,156,157,158,159,160,161,162,163,164,165,166,167,168,169,170,171,172,173,174,175,176,177,178,179,180,181,182,183,184,185,186,187,188,189,190,191,192,193,194,195,196,197,198,199,200,201,202,203,204,205,206,207,208,209,210,211,212,213,214,215,216,217,218,219,220,221,222,223,224,225,226,227,228,229,230,231,232,233,234,235,236,237,238,239,240,241,242,243,244,245,246,247,248,249,250,251,252,253
0,0,66,39,90,77,258,310,361,343,248,408,356,674,125,499,183,112,95,124,323,293,189,134,334,285,204,310,298,287,248,274,237,250,193,237,352,701,337,202,748,832,317,249,285,327,340,594,705,625,662,633,513,240,432,199,670,274,301,266,153,205,216,170,299,230,195,267,180,86,45,85,412,357,473,362,555,333,342,372,315,480,487,516,293,475,452,443,243,358,378,304,490,226,607,649,386,245,587,585,550,263,462,466,290,331,286,354,214,170,187,160,114,132,204,123,342,391,186,338,324,432,293,253,411,221,214,107,92,345,353,385,672,540,154,397,353,171,58,409,592,270,565,155,405,778,365,317,495,627,336,345,353,229,311,266,456,299,71,519,363,338,164,62,181,262,432,389,343,715,319,139,408,451,260,741,621,666,207,178,365,155,411,445,294,586,414,568,175,431,129,241,614,552,534,127,260,154,139,300,385,583,88,370,355,104,156,741,214,132,261,414,323,283,354,287,220,175,169,376,271,282,308,108,548,383,216,692,477,134,366,221,432,292,627,285,233,515,195,360,270,531,448,650,528,422,232,385,484,309,643,491,212,580,536
1,66,0,52,42,70,194,282,329,306,191,463,403,740,88,438,246,128,79,115,263,233,230,159,392,347,254,354,349,344,300,322,300,293,252,296,371,766,328,140,787,872,381,313,346,274,293,659,769,690,727,699,563,272,389,263,733,241,259,209,103,176,162,128,250,187,181,281,197,150,105,150,353,299,529,326,614,355,369,390,329,542,546,577,288,420,505,491,309,388,411,308,537,247,673,715,428,222,626,629,612,197,403,417,226,376,334,405,179,127,191,138,99,136,193,84,395,451,252,376,383,461,318,251,477,161,149,161,132,411,417,450,738,606,93,447,356,237,113,434,650,307,631,137,352,844,422,349,561,659,398,411,415,280,366,250,522,365,40,584,429,333,164,82,209,319,459,410,324,781,386,175,445,518,210,807,681,705,238,230,400,210,474,509,261,648,479,624,239,489,186,236,677,574,576,193,326,88,202,339,414,650,106,351,366,148,196,806,256,74,198,365,302,322,396,274,286,113,183,441,229,313,312,45,613,427,276,759,519,197,359,226,474,356,693,351,213,579,143,394,289,584,509,711,585,488,244,451,549,292,668,525,146,644,581
2,39,52,0,57,39,243,326,375,354,213,411,395,696,133,465,197,144,113,147,289,259,227,112,370,320,242,349,337,325,286,313,271,288,230,274,328,721,302,191,737,822,333,265,296,290,302,613,721,642,681,654,511,278,394,232,684,287,308,261,153,219,214,177,301,236,217,300,154,105,83,117,378,322,477,323,563,369,379,407,348,493,495,527,320,438,453,440,273,395,416,334,485,261,629,673,424,207,576,578,563,239,428,428,261,325,282,353,175,132,156,121,75,99,168,85,380,400,215,376,332,469,329,220,438,189,188,146,130,374,385,414,699,564,145,395,383,194,63,446,599,309,587,174,369,797,370,355,518,612,371,365,365,228,314,288,477,327,79,539,388,365,191,92,218,267,413,425,363,738,343,177,447,476,222,762,631,656,190,178,351,194,424,461,255,597,433,572,209,438,135,267,628,530,525,155,284,134,174,339,422,608,60,391,388,96,145,758,205,101,231,376,286,272,393,251,242,145,201,393,233,265,277,97,566,376,226,717,469,150,392,251,423,324,653,305,253,531,159,398,246,532,459,661,534,445,204,407,502,330,623,477,192,595,530
3,90,42,57,0,47,195,316,361,335,158,456,441,752,125,409,252,169,121,156,233,203,268,139,423,375,289,392,385,377,335,358,327,332,283,327,341,776,289,149,766,852,387,320,349,238,254,668,774,697,736,710,551,313,349,288,737,273,285,225,130,210,182,159,272,215,221,323,169,162,134,173,322,267,523,284,612,397,410,431,371,545,544,577,329,385,496,478,330,429,452,349,522,289,686,730,467,180,605,612,615,183,372,379,204,361,323,395,137,86,158,97,64,106,154,42,430,450,272,416,381,502,360,214,495,132,131,194,170,431,441,472,756,621,108,436,397,251,119,475,646,347,643,176,316,852,417,390,575,635,426,421,417,271,359,288,533,384,82,595,445,373,205,122,250,316,432,452,360,795,400,214,485,533,172,818,680,685,217,224,378,243,477,515,219,648,488,618,265,485,186,276,680,544,557,212,342,84,229,379,455,665,89,387,408,141,183,813,242,44,174,327,260,304,435,234,299,87,225,447,189,290,276,68,621,411,277,774,501,206,398,267,457,380,710,361,250,585,106,435,260,576,509,713,581,502,213,464,557,329,639,502,141,649,565
4,77,70,39,47,0,242,352,399,375,184,409,432,712,158,437,212,181,144,179,262,233,266,93,405,352,280,387,374,360,323,351,302,327,265,309,302,736,265,195,721,807,345,279,305,258,267,627,731,654,694,670,505,316,357,264,693,310,327,270,170,245,226,197,316,256,248,337,127,128,121,149,349,294,477,284,567,407,418,444,386,501,498,533,354,406,449,432,300,434,455,370,475,299,647,692,463,168,560,566,571,226,399,394,241,315,277,349,138,98,122,82,37,67,130,53,416,405,242,415,336,508,368,185,460,166,174,184,169,399,414,440,721,583,153,389,418,216,82,484,601,348,604,204,336,811,371,394,536,592,402,382,373,225,313,318,494,351,106,555,410,399,226,130,256,271,390,463,392,756,364,216,485,496,189,778,635,640,172,179,333,231,433,473,216,603,447,571,241,440,143,300,636,505,511,183,307,130,208,377,461,629,42,420,425,95,136,770,195,85,210,340,247,258,431,214,263,126,239,405,196,246,244,109,579,365,234,737,455,168,425,286,411,352,674,322,281,542,129,437,219,529,465,668,535,465,175,425,515,360,599,458,187,606,519
5,258,194,243,195,242,0,232,253,215,175,651,533,930,163,325,439,253,198,210,189,172,364,332,550,516,402,481,491,501,448,458,475,424,419,459,515,958,421,59,951,1038,574,506,539,236,275,852,962,883,920,890,746,380,369,440,927,190,165,70,125,175,85,136,129,133,221,348,354,344,287,337,261,222,718,346,806,425,450,445,387,736,738,770,305,341,691,673,492,475,501,341,716,337,862,903,543,303,793,804,806,71,300,365,124,555,519,591,247,207,333,256,248,293,309,209,541,643,438,486,575,538,404,371,663,140,94,328,288,593,593,631,922,795,106,631,378,428,306,502,841,419,822,195,292,1036,612,448,751,815,566,603,608,467,555,250,714,550,193,776,617,339,242,241,324,510,610,472,289,971,575,311,544,706,213,998,874,872,409,419,565,371,667,703,307,841,671,813,417,680,378,269,870,713,747,382,515,112,379,453,495,837,284,311,408,335,378,998,436,163,124,328,369,497,511,367,477,136,278,634,255,478,434,150,806,604,469,946,692,391,351,286,649,535,879,543,215,773,182,492,438,771,702,905,776,678,389,642,741,271,811,686,59,837,758
6,310,282,326,316,352,232,0,53,58,388,705,396,892,194,552,468,217,215,187,419,399,275,438,453,445,320,349,378,410,352,343,423,309,363,386,653,929,601,212,1058,1141,585,522,567,461,497,831,952,871,899,860,815,251,595,402,926,45,74,164,189,107,160,158,115,110,122,182,479,381,306,346,493,454,766,559,835,242,272,246,200,747,771,791,104,573,752,748,459,298,324,144,796,204,823,855,386,485,897,893,814,301,530,597,355,640,593,657,431,380,473,411,379,419,469,353,424,675,421,332,613,345,241,530,618,348,303,301,264,545,526,574,857,754,221,701,164,436,367,304,876,283,792,155,523,1009,659,288,718,936,486,596,630,535,610,66,693,515,248,753,583,120,163,253,227,558,739,273,58,924,555,249,370,668,424,960,897,976,515,484,675,320,682,705,508,857,663,859,384,720,434,110,874,856,843,386,499,267,355,311,310,786,386,80,203,414,466,980,524,315,349,557,562,593,360,545,477,319,187,639,461,591,593,249,792,692,509,890,786,422,123,147,741,481,821,541,79,772,371,325,571,827,726,916,816,649,527,622,731,49,949,801,261,833,843
7,361,329,375,361,399,253,53,0,39,419,758,438,942,242,562,521,271,266,239,441,423,326,487,501,495,371,392,424,459,401,390,474,357,415,437,701,980,641,244,1109,1193,639,575,620,487,525,883,1004,923,951,912,867,298,621,454,978,89,88,183,231,156,193,202,125,148,175,226,526,433,359,400,509,474,819,591,888,276,307,273,235,800,824,844,143,589,805,801,511,333,358,180,848,252,873,905,424,524,948,944,867,324,543,617,377,691,645,709,469,419,518,453,425,465,512,396,469,728,474,371,666,372,282,574,669,379,333,354,317,596,576,624,905,804,260,754,187,489,418,331,929,328,843,207,544,1060,712,328,769,986,535,649,683,587,663,117,745,567,296,804,635,144,216,305,278,611,788,300,70,974,608,302,403,720,456,1010,950,1027,565,536,725,372,736,758,543,910,716,912,437,773,486,160,927,904,894,440,552,305,408,354,341,836,434,75,230,465,517,1031,575,356,375,581,600,643,399,586,530,355,240,692,495,640,637,293,844,743,562,939,838,475,136,198,792,533,870,594,133,825,407,361,618,880,780,969,869,701,573,675,784,86,997,851,291,885,895
8,343,306,354,335,375,215,58,39,0,384,746,454,946,221,523,510,261,248,225,404,387,329,465,510,499,374,406,435,466,408,400,475,366,415,440,676,982,611,210,1091,1175,632,567,611,451,489,883,1003,922,951,913,854,308,584,452,976,72,53,146,205,139,161,178,86,120,168,240,502,420,345,389,471,436,808,556,880,298,328,299,257,795,815,837,161,551,792,786,510,355,381,200,833,260,876,910,444,493,929,928,863,286,504,579,339,674,629,695,438,389,492,425,399,440,483,368,482,719,469,389,655,399,299,546,671,345,298,347,309,599,581,629,913,807,231,739,215,481,401,358,921,341,845,192,506,1062,701,346,771,965,542,645,675,571,650,123,744,567,276,805,635,171,210,291,280,598,765,327,99,979,605,299,426,721,421,1014,943,1009,543,520,705,370,729,754,510,905,713,902,434,763,470,166,923,879,877,431,548,274,403,369,366,841,412,111,256,446,497,1032,557,326,338,543,568,624,417,555,524,322,238,687,461,619,609,267,843,726,550,945,820,463,168,203,775,535,876,589,126,822,375,382,594,868,772,964,860,701,548,673,782,104,974,830,256,883,879
9,248,191,213,158,184,175,388,419,384,0,558,595,891,238,253,391,313,254,285,79,50,420,241,581,532,445,545,541,534,491,513,483,484,441,485,370,911,254,176,811,899,521,458,478,83,111,803,901,826,868,846,638,458,211,445,860,343,331,240,216,301,228,245,300,279,332,453,240,312,292,330,165,110,627,172,724,531,549,561,499,669,656,695,436,228,591,563,484,570,595,465,600,427,827,872,618,143,659,679,738,110,216,228,82,448,423,495,93,90,208,137,163,194,169,131,586,568,426,564,501,641,499,223,644,41,86,351,324,583,597,624,904,764,178,528,510,399,266,610,753,495,782,291,161,984,528,535,717,670,583,561,543,382,469,386,672,535,223,733,593,477,332,273,395,435,466,584,443,935,546,364,631,678,38,955,792,735,301,345,438,400,603,645,133,765,624,717,422,596,321,389,802,558,621,366,490,133,386,528,595,810,215,468,531,270,293,942,340,118,58,179,197,386,585,204,446,83,361,580,81,356,281,180,753,490,407,918,569,351,496,392,529,536,857,503,346,713,55,580,304,671,628,830,686,646,256,606,691,417,656,549,128,777,637
10,408,463,411,456,409,651,705,758,746,558,0,518,392,532,784,237,488,500,521,632,608,469,324,421,368,437,510,466,417,440,476,345,485,383,393,269,394,409,601,385,457,154,194,146,601,585,295,360,298,346,344,113,526,628,339,314,675,707,672,560,607,623,578,707,637,583,594,318,327,401,359,700,652,68,543,167,623,612,665,629,146,103,149,657,727,49,74,297,610,614,649,115,549,348,396,568,442,240,209,199,631,746,688,634,119,136,64,470,473,352,422,409,369,396,450,468,69,303,558,97,668,580,364,284,558,579,409,442,295,343,316,453,314,555,49,691,274,352,670,194,527,301,554,662,453,48,571,272,312,379,187,108,184,97,649,224,275,480,257,254,695,543,456,504,148,239,667,725,441,230,467,614,271,542,443,235,307,258,233,176,407,115,158,493,213,182,162,345,49,279,612,258,326,181,321,249,539,362,533,635,360,367,749,672,316,274,407,219,492,603,641,460,178,553,414,245,529,527,147,518,218,342,508,248,105,196,444,141,283,726,580,119,323,406,201,626,196,510,591,279,123,98,277,128,241,315,214,205,691,370,209,596,248,160
11,356,403,395,441,432,533,396,438,454,595,518,0,541,376,835,338,287,347,326,663,634,175,452,103,150,152,52,62,103,111,82,182,112,179,143,630,585,671,479,903,971,364,338,382,677,695,507,629,554,568,522,627,155,788,207,617,401,452,495,411,370,452,397,482,420,321,214,498,333,312,291,753,700,553,717,579,173,144,199,207,482,533,530,295,822,565,587,226,126,114,260,633,202,476,498,50,597,756,727,532,574,802,820,617,524,476,503,570,525,520,514,467,474,550,478,53,458,248,71,427,157,156,584,295,562,538,249,271,240,196,244,483,412,442,542,272,293,368,174,624,117,459,338,755,664,472,112,393,822,150,340,412,434,456,333,390,245,373,435,288,304,292,322,210,412,677,185,372,564,293,231,98,345,612,607,624,825,487,404,593,202,437,434,648,580,385,627,218,505,372,292,578,796,696,281,272,473,236,85,139,432,428,383,232,402,434,645,461,477,593,768,671,514,46,629,291,514,255,389,627,541,624,419,482,566,373,523,648,330,327,260,610,196,455,317,346,484,546,95,564,616,485,625,581,343,546,337,436,353,867,697,516,530,679
12,674,740,696,752,712,930,892,942,946,891,392,541,0,776,1137,501,698,739,742,969,941,617,652,451,447,572,570,528,487,542,560,471,589,532,506,660,49,793,873,613,639,370,433,415,951,944,97,123,109,69,48,410,648,1002,499,149,878,924,925,813,822,874,818,940,867,781,725,668,591,643,594,1049,996,348,916,264,708,683,740,736,247,298,251,806,1090,396,445,442,667,655,780,454,691,69,49,582,801,546,488,201,934,1098,1058,953,504,499,446,815,800,704,757,728,699,749,764,494,346,494,610,402,689,680,734,275,878,883,612,653,347,367,318,109,138,825,441,804,503,633,713,282,625,109,772,1021,122,394,646,179,625,410,331,355,519,445,826,219,384,737,158,315,829,739,693,665,463,626,727,886,49,355,650,628,226,884,69,238,569,612,547,568,578,300,252,858,217,266,325,520,344,571,782,167,692,507,548,415,827,556,608,679,110,677,903,768,621,602,113,567,795,923,1007,836,553,588,788,454,838,708,312,871,597,725,781,146,496,484,69,501,546,856,745,500,411,98,390,820,196,836,636,657,363,295,195,309,252,682,289,203,859,702,575,886,149,469
13,125,88,133,125,158,163,194,242,221,238,532,376,776,0,462,302,91,37,50,295,267,203,245,387,353,240,324,330,338,285,298,314,265,257,296,459,807,413,105,870,954,433,365,405,321,348,703,817,737,771,739,637,228,447,281,785,153,176,149,38,87,98,46,175,105,99,215,284,207,138,187,384,333,597,394,676,293,312,323,262,597,609,636,207,458,577,568,335,334,360,231,614,191,708,747,391,302,708,709,667,198,430,465,243,455,410,478,253,200,279,221,186,225,278,165,379,512,283,335,446,404,263,338,505,199,167,167,126,435,431,471,763,640,67,522,278,281,182,373,714,266,670,54,395,886,489,301,597,745,404,455,472,353,435,164,563,393,55,625,461,251,95,84,167,385,546,346,236,815,423,149,399,551,266,845,742,788,323,302,484,209,529,560,334,705,524,692,258,554,254,155,730,662,656,232,363,105,221,300,358,680,192,263,294,226,277,851,336,135,222,417,381,404,358,358,329,156,126,491,295,399,400,62,658,506,339,788,600,253,274,154,555,374,721,396,126,630,202,347,377,655,569,768,651,525,332,491,595,204,756,610,141,693,660
14,499,438,465,409,437,325,552,562,523,253,784,835,1137,462,0,641,548,488,512,176,206,660,484,830,783,690,784,785,783,736,755,735,724,690,734,551,1154,403,367,972,1058,767,706,722,186,199,1046,1138,1066,1110,1091,848,689,195,697,1095,514,480,389,430,498,409,451,440,458,541,668,472,564,542,582,88,143,851,258,952,747,769,769,710,907,886,928,630,78,810,775,737,793,819,666,804,652,1075,1121,853,343,836,869,974,267,39,136,219,667,652,720,322,341,436,380,413,438,391,383,832,804,679,797,740,860,722,422,896,278,297,599,568,836,849,877,1154,1014,395,747,703,651,519,825,975,728,1029,508,124,1225,761,762,966,827,834,809,785,620,703,575,920,788,463,979,845,664,554,516,629,676,640,795,610,1182,797,604,860,929,253,1199,1019,905,531,589,638,648,843,888,293,996,871,936,674,826,570,592,1037,700,810,619,742,362,637,762,815,1060,465,629,733,519,535,1181,574,366,242,159,340,606,820,377,698,325,588,825,268,569,459,416,996,701,653,1167,766,603,674,606,731,788,1107,753,539,953,308,808,509,886,863,1060,910,896,470,855,935,594,792,728,322,1016,834
15,183,246,197,252,212,439,468,521,510,391,237,338,501,302,641,0,251,268,285,470,441,241,162,266,204,218,312,277,238,236,274,158,272,168,195,293,524,359,384,607,685,135,68,102,457,456,416,523,445,484,458,349,301,529,132,488,439,474,448,334,372,397,348,477,405,346,363,193,96,166,122,553,499,298,446,374,402,397,445,402,297,307,334,421,601,285,287,126,401,411,416,336,317,436,481,384,322,448,434,367,435,603,578,453,195,145,194,323,301,226,262,229,205,268,263,299,210,90,357,145,468,358,278,257,377,383,172,204,206,235,247,513,373,336,239,460,46,134,461,412,311,392,318,531,600,191,359,326,503,242,170,170,96,145,412,282,158,253,344,205,460,306,222,270,93,340,452,487,545,157,231,423,288,389,566,439,525,160,72,258,178,229,264,380,404,236,392,126,253,71,375,431,461,390,85,108,331,130,325,428,419,177,512,446,122,119,561,125,295,422,525,379,176,360,331,63,338,290,195,382,204,301,290,369,244,43,527,336,49,491,343,292,180,466,112,389,334,336,388,235,359,266,467,350,255,229,215,305,454,538,371,390,398,383
16,112,128,144,169,181,253,217,271,261,313,488,287,698,91,548,251,0,60,45,378,348,113,246,297,266,149,236,240,248,195,208,229,176,170,207,463,731,446,196,846,928,371,306,350,396,418,629,747,666,698,663,598,146,516,200,717,190,230,231,128,126,181,123,242,169,95,156,293,166,92,129,467,415,548,454,619,228,241,264,205,534,554,576,183,538,535,533,256,260,283,192,581,120,629,667,306,346,685,678,602,287,515,540,329,427,379,440,306,255,299,261,217,243,311,211,289,458,210,252,395,333,190,364,425,277,251,88,47,353,345,388,679,560,156,485,241,220,162,306,660,182,593,74,473,811,441,222,520,730,315,386,414,321,394,163,489,315,90,551,384,227,56,52,83,341,541,283,240,735,349,58,319,472,335,767,682,764,316,271,470,122,468,494,389,644,455,642,179,503,220,132,664,661,630,170,290,186,144,215,286,598,200,266,244,211,262,778,316,198,306,490,426,385,273,395,263,230,58,426,357,390,419,133,587,479,292,706,574,205,256,109,528,290,638,329,138,562,269,268,382,609,511,704,599,448,344,417,524,206,750,594,230,625,628
17,95,79,113,121,144,198,215,266,248,254,500,347,739,37,488,268,60,0,36,318,289,173,224,353,317,206,296,299,304,253,267,277,236,221,261,441,770,407,140,844,927,397,329,370,338,362,665,780,700,734,702,606,204,460,244,749,178,207,186,75,110,135,81,210,138,104,204,267,173,102,150,407,355,563,401,641,279,295,312,252,561,575,600,210,479,545,538,298,316,340,228,585,173,671,710,366,301,682,680,631,228,455,482,269,426,381,447,256,203,266,217,177,210,271,163,348,478,246,311,412,388,245,328,468,218,191,130,90,397,395,434,726,602,97,491,277,245,153,359,680,241,633,61,414,849,456,280,560,721,368,419,437,323,403,175,526,356,39,588,424,255,85,47,142,353,525,334,250,778,386,117,377,514,279,807,706,762,300,272,460,173,494,524,338,670,488,658,221,520,223,157,694,643,629,196,326,126,184,275,341,642,173,278,288,199,251,814,310,142,246,433,381,378,333,353,293,172,107,455,303,376,388,74,621,478,305,751,573,219,281,147,527,338,683,359,140,593,213,326,359,623,534,732,617,487,317,454,558,217,735,586,171,657,631
18,124,115,147,156,179,210,187,239,225,285,521,326,742,50,512,285,45,36,0,345,317,155,257,341,311,193,274,281,292,238,248,275,215,216,252,474,775,443,153,871,954,410,344,386,368,394,672,789,709,741,706,629,177,493,244,759,154,189,186,86,87,136,78,199,125,70,170,300,195,120,164,434,382,583,436,657,246,264,278,217,574,591,615,174,507,567,562,300,285,310,193,609,142,674,711,340,336,710,705,643,248,481,513,293,453,406,470,291,238,301,253,212,245,307,199,331,495,252,285,430,356,214,364,469,247,217,131,89,397,390,433,724,605,117,515,241,258,181,326,697,216,637,33,444,855,475,251,564,751,360,428,452,348,425,142,532,359,75,594,428,219,49,66,117,373,557,300,218,780,392,102,349,516,311,811,721,789,331,297,490,167,507,535,373,683,496,677,223,538,247,121,705,675,656,208,333,154,187,250,310,643,206,245,253,228,280,821,338,176,272,464,417,406,308,389,303,202,76,466,337,407,423,105,629,505,325,751,599,238,246,111,554,336,683,370,109,604,246,297,392,643,549,744,635,492,351,460,566,185,767,615,191,666,656
19,323,263,289,233,262,189,419,441,404,79,632,663,969,295,176,470,378,318,345,0,30,488,318,655,608,516,613,611,608,562,582,560,552,515,559,428,989,296,213,866,954,600,537,556,57,98,881,978,903,946,925,707,522,183,521,936,376,354,258,267,345,262,293,317,314,383,508,314,390,366,406,90,37,700,179,798,587,607,613,553,746,731,771,481,162,663,633,562,630,655,514,668,487,906,951,684,200,719,743,814,118,140,178,65,519,497,568,162,169,280,214,242,271,238,209,658,645,504,629,578,699,558,284,723,103,129,424,394,661,674,702,982,843,230,600,555,478,345,666,826,559,861,345,104,1062,604,596,796,724,659,640,621,459,545,428,751,614,290,812,672,519,390,342,459,513,523,638,476,1014,625,432,694,757,91,1033,866,793,374,423,503,473,680,723,170,840,703,789,498,671,400,438,879,605,684,444,569,192,462,593,653,889,293,499,580,348,370,1019,415,191,74,140,233,457,651,253,525,150,421,658,124,425,336,244,831,559,485,997,634,430,535,446,595,613,935,582,389,790,134,642,369,742,704,905,760,725,324,685,769,454,702,608,163,854,703
20,293,233,259,203,233,172,399,423,387,50,608,634,941,267,206,441,348,289,317,30,0,459,291,625,577,486,583,581,577,532,552,529,522,485,528,411,961,286,189,851,939,571,508,528,64,104,853,951,876,918,897,685,493,198,491,910,355,336,241,241,321,240,267,301,291,357,481,289,360,336,376,120,66,676,181,773,560,580,587,526,719,706,745,457,190,640,611,531,602,627,488,647,459,877,922,654,183,701,723,788,101,170,201,52,496,472,544,139,141,256,187,213,244,216,179,628,618,473,600,551,672,530,265,693,72,102,394,364,632,644,672,953,814,203,576,531,448,315,639,802,530,832,318,129,1034,578,568,767,709,629,611,593,432,519,404,723,584,261,783,642,496,362,312,431,486,507,612,455,986,596,402,665,728,71,1005,841,777,350,395,483,443,653,695,160,815,675,766,468,646,371,412,852,594,665,414,539,163,432,564,626,860,265,478,555,320,343,992,390,160,49,158,224,434,622,239,495,120,393,630,110,403,320,215,804,537,457,968,614,400,512,419,575,583,906,553,365,763,105,614,349,719,678,880,736,696,302,656,741,432,691,591,140,827,683
21,189,230,227,268,266,364,275,326,329,420,469,175,617,203,660,241,113,173,155,488,459,0,304,190,171,45,125,127,142,85,95,149,64,92,111,507,654,520,308,847,924,330,275,324,503,522,557,679,599,625,586,582,61,617,135,655,263,311,334,240,215,287,230,333,264,168,126,352,193,147,145,579,525,521,549,576,163,163,206,162,484,517,530,197,648,517,526,190,174,192,182,574,82,548,581,199,434,689,672,548,400,627,647,442,435,385,433,401,354,368,348,302,316,391,308,176,425,166,149,372,247,119,434,343,387,364,88,98,271,252,300,586,479,269,478,222,197,214,230,620,83,517,173,581,734,421,131,444,744,215,330,378,331,384,209,421,243,198,479,310,230,131,148,49,332,571,216,274,650,286,57,220,394,439,685,635,765,357,289,492,63,423,439,482,593,395,609,124,473,244,166,605,694,631,160,235,298,111,111,202,512,270,295,205,258,301,706,343,303,418,595,511,407,166,473,225,339,95,376,457,424,482,244,520,485,284,617,577,210,260,128,533,207,548,282,205,504,373,172,432,585,470,649,564,376,403,352,461,244,775,611,343,562,622
22,134,159,112,139,93,332,438,487,465,241,324,452,652,245,484,162,246,224,257,318,291,304,0,403,344,304,413,390,364,341,374,293,358,274,314,218,671,219,288,628,714,283,223,238,299,295,563,660,585,628,607,415,362,368,257,619,398,418,363,262,331,319,287,408,346,327,398,48,118,162,162,397,344,392,286,486,460,465,500,445,428,418,455,428,441,361,341,277,478,495,438,384,355,590,637,489,162,468,474,497,308,446,417,312,223,188,261,163,152,70,105,86,47,108,126,425,328,224,449,260,551,418,132,418,236,255,216,219,366,391,408,672,530,246,300,487,184,90,533,517,386,544,286,371,743,290,435,482,500,390,326,302,142,231,398,435,318,191,495,367,472,298,196,308,194,301,515,475,698,318,264,519,447,232,716,554,547,79,105,241,254,362,405,219,525,386,485,239,358,94,375,562,419,419,173,268,221,216,412,505,577,53,502,487,50,52,701,105,170,281,364,224,166,460,179,223,206,302,341,221,154,178,201,513,272,168,684,363,135,500,355,318,331,624,271,364,472,189,474,136,441,388,590,451,413,100,372,451,441,511,366,275,536,427
23,334,392,370,423,405,550,453,501,510,581,421,103,451,387,830,266,297,353,341,655,625,190,403,0,62,148,119,78,49,105,111,110,144,140,96,558,493,618,493,805,871,268,251,291,660,672,409,532,456,472,428,528,203,760,146,518,448,498,524,425,404,476,419,522,453,357,277,445,288,290,255,745,690,453,683,476,258,234,292,285,379,431,428,360,808,467,492,142,221,214,331,537,250,384,410,152,559,661,629,430,579,795,798,616,439,393,412,541,502,473,481,437,434,508,455,50,359,182,163,333,260,229,533,194,553,537,231,266,137,94,143,405,318,450,449,353,226,329,274,521,175,363,362,739,573,377,195,293,729,48,240,314,358,366,387,288,146,370,335,186,379,320,317,237,328,596,282,440,478,193,240,201,245,593,518,522,728,424,337,511,183,335,331,614,478,282,525,166,406,314,344,476,712,601,230,182,473,197,157,238,342,390,455,317,354,375,551,392,465,590,745,627,437,146,582,210,505,284,287,600,469,565,418,382,477,295,440,555,271,406,308,519,100,371,223,390,382,528,192,500,515,383,524,479,240,489,235,334,415,778,608,523,429,582
24,285,347,320,375,352,516,445,495,499,532,368,150,447,353,783,204,266,317,311,608,577,171,344,62,0,125,147,101,50,96,122,51,145,97,60,496,486,557,457,753,822,215,191,233,609,619,393,516,437,459,418,478,202,704,89,496,434,481,496,392,382,446,389,501,430,338,279,385,231,242,203,697,642,405,626,438,278,259,316,298,342,388,390,360,758,415,437,80,251,251,336,483,244,378,411,200,502,606,577,398,539,747,745,572,378,332,354,486,450,413,426,382,376,450,404,102,309,121,195,277,302,242,473,176,506,494,189,228,106,81,130,416,310,413,393,366,164,274,309,483,185,350,336,688,566,322,218,278,673,51,194,262,295,308,379,262,96,329,316,152,385,298,277,219,267,534,312,439,480,145,211,246,227,541,516,489,675,362,275,450,144,291,294,557,446,246,482,111,357,253,335,450,652,546,173,123,430,146,178,273,342,335,457,335,295,314,539,329,417,545,692,568,374,186,522,148,459,264,242,546,407,503,377,360,418,233,446,499,210,414,298,461,48,377,168,375,352,478,227,438,469,340,496,436,214,428,199,305,412,719,550,484,405,529
25,204,254,242,289,280,402,320,371,374,445,437,152,572,240,690,218,149,206,193,516,486,45,304,148,125,0,109,95,100,46,71,106,55,54,66,497,609,523,345,818,893,293,243,292,527,543,513,635,555,581,541,550,90,636,98,612,308,356,376,277,258,328,270,377,307,213,164,352,187,159,143,606,552,486,564,537,187,179,229,193,444,479,490,240,673,485,497,150,184,197,221,545,123,503,536,186,445,663,643,506,434,655,668,473,413,362,406,417,373,371,361,315,323,399,326,142,390,135,146,340,253,144,436,298,414,394,96,122,226,207,254,541,434,303,449,258,172,217,244,581,93,472,214,605,689,389,141,399,721,171,290,342,312,356,254,377,200,227,435,266,270,174,174,94,306,555,234,317,605,244,91,216,349,461,640,594,737,349,273,474,51,384,398,496,552,353,573,93,438,233,210,563,677,604,143,197,329,94,110,211,467,277,337,235,256,293,661,330,327,448,616,520,390,156,479,192,366,139,337,475,411,480,274,476,461,259,572,551,195,300,173,508,162,503,244,250,462,395,174,425,550,432,607,527,332,402,309,418,289,756,589,377,519,593
26,310,354,349,392,387,481,349,392,406,545,510,52,570,324,784,312,236,296,274,613,583,125,413,119,147,109,0,46,97,76,39,165,61,146,119,600,612,632,427,895,966,357,322,368,628,647,528,651,574,591,547,621,103,741,181,636,351,402,443,359,318,400,345,431,368,269,167,460,295,266,251,703,650,550,671,585,139,115,173,168,488,535,536,250,773,557,576,212,105,105,217,622,151,503,528,77,553,744,718,543,522,751,771,565,504,454,488,524,478,480,469,423,432,507,431,78,454,223,49,415,159,113,545,312,512,487,203,222,248,211,261,519,437,391,529,235,266,326,163,630,66,482,286,706,692,462,76,412,807,164,340,406,408,439,284,403,243,323,453,296,263,240,273,157,393,653,166,328,596,292,181,111,363,564,637,635,815,454,374,570,160,438,440,603,591,392,629,187,502,338,243,593,773,684,247,261,422,199,39,126,461,385,341,198,364,399,670,431,428,542,719,628,488,48,588,272,464,203,389,580,512,588,369,499,548,350,557,634,297,289,210,594,195,488,309,295,496,497,81,531,614,486,639,583,356,509,344,448,307,848,679,465,546,669
27,298,349,337,385,374,491,378,424,435,541,466,62,528,330,785,277,240,299,281,611,581,127,390,78,101,95,46,0,51,51,36,124,71,117,82,568,570,609,435,852,921,313,280,326,622,638,484,607,529,548,504,577,128,730,145,591,376,426,459,367,336,413,357,452,386,288,200,435,271,253,230,701,647,505,657,539,182,160,218,208,442,489,490,283,769,513,533,170,151,150,254,580,175,461,488,107,537,702,675,497,527,750,764,567,465,416,447,511,468,458,454,408,413,489,421,50,409,187,94,372,202,152,522,267,509,488,191,217,202,166,217,482,394,396,487,276,232,306,208,584,98,438,298,701,650,419,120,368,766,120,294,361,373,399,312,358,197,321,408,250,301,254,269,169,353,616,212,363,556,246,182,149,318,556,596,589,772,424,342,533,143,392,394,589,545,346,583,155,457,309,269,547,736,642,219,217,423,174,81,172,420,367,377,241,340,371,627,399,423,542,711,610,453,87,568,232,461,217,343,569,479,561,369,454,508,313,518,593,267,328,234,553,149,449,265,318,450,490,126,502,569,441,594,537,310,483,298,403,339,809,640,469,500,626
28,287,344,325,377,360,501,410,459,466,534,417,103,487,338,783,238,248,304,292,608,577,142,364,49,50,100,97,51,0,58,74,80,103,95,51,531,527,581,444,802,871,263,234,279,614,627,437,561,482,503,460,527,162,716,109,543,403,452,476,376,357,427,370,475,406,310,238,408,247,243,211,698,643,454,640,488,230,210,267,252,392,438,440,320,762,464,485,123,201,201,294,531,207,418,448,153,517,654,625,447,531,747,753,568,421,373,400,497,456,434,437,393,392,467,409,62,359,149,145,324,252,196,495,220,505,489,183,217,153,120,171,447,350,401,439,320,194,286,259,533,139,393,314,693,607,370,169,321,719,77,244,311,332,352,344,309,147,321,361,200,343,273,269,190,309,575,262,400,516,195,191,198,272,547,554,539,723,391,306,490,135,341,344,571,495,296,533,125,407,278,300,498,693,594,191,169,424,153,129,223,379,348,416,288,314,340,582,362,417,541,700,587,412,136,543,188,458,237,292,556,441,531,370,406,462,271,480,545,235,370,263,507,98,411,216,345,400,482,177,468,518,390,545,487,261,454,248,353,374,764,594,474,452,577
29,248,300,286,335,323,448,352,401,408,491,440,111,542,285,736,236,195,253,238,562,532,85,341,105,96,46,76,51,58,0,38,96,50,70,48,524,581,560,390,825,898,291,249,297,572,588,489,612,533,555,514,553,106,680,106,592,345,394,419,323,299,372,315,418,348,252,184,387,222,203,180,652,598,484,607,527,187,172,227,203,432,473,479,265,719,489,505,144,170,177,240,552,150,473,504,150,486,672,649,491,480,702,713,519,429,379,416,461,417,409,404,358,363,439,370,96,388,148,121,345,232,148,473,272,460,441,140,168,201,175,225,505,405,350,458,271,191,257,230,572,91,446,258,651,661,393,131,373,734,134,280,340,332,366,286,357,184,273,412,246,290,215,220,132,319,577,227,344,573,232,137,187,323,506,610,581,745,379,299,494,92,377,385,538,538,338,567,111,436,263,242,545,698,613,172,193,375,125,93,195,435,317,362,242,291,325,635,355,373,494,661,560,412,124,518,199,412,179,328,519,436,514,321,455,474,275,538,561,222,318,205,521,140,468,241,287,445,440,153,456,549,425,590,521,310,436,292,399,317,773,605,423,500,599
30,274,322,313,358,351,458,343,390,400,513,476,82,560,298,755,274,208,267,248,582,552,95,374,111,122,71,39,36,74,38,0,131,35,107,84,561,601,593,402,861,933,325,286,333,595,613,512,635,557,577,534,588,92,706,143,617,340,390,424,334,301,379,323,417,351,252,166,421,256,230,212,672,619,519,635,559,156,138,195,178,463,506,510,249,741,524,541,179,134,139,221,588,140,492,520,116,516,709,685,520,495,721,738,537,467,417,453,488,443,442,432,386,394,470,396,85,422,185,84,381,195,122,506,294,480,458,167,189,227,194,245,516,424,364,494,246,228,288,194,603,65,467,264,673,681,429,97,396,771,150,312,374,370,404,277,383,215,292,435,273,269,219,240,135,356,614,192,329,588,264,151,150,346,530,627,611,781,414,335,532,121,409,415,567,567,367,600,149,471,299,234,572,735,650,208,228,393,160,58,158,452,348,344,214,325,360,656,392,395,512,686,591,449,87,550,236,433,182,361,545,473,549,338,480,512,313,551,599,258,296,198,558,169,482,276,283,473,464,115,492,583,458,618,554,335,470,320,427,304,811,642,438,526,635
31,237,300,271,327,302,475,423,474,475,483,345,182,471,314,735,158,229,277,275,560,529,149,293,110,51,106,165,124,80,96,131,0,144,60,48,451,507,508,416,730,802,194,157,203,560,569,408,530,450,476,438,457,194,654,39,506,407,453,460,352,351,409,352,470,397,310,270,335,180,195,154,649,593,388,575,433,282,268,323,296,339,378,386,346,708,393,410,48,265,270,327,457,229,402,438,230,451,579,553,401,494,699,695,526,342,293,323,436,400,363,375,332,326,399,354,141,292,71,214,250,324,242,423,197,458,449,147,188,124,118,158,450,333,371,364,362,116,223,325,477,186,369,302,638,587,297,227,296,642,100,185,243,252,275,358,271,94,285,330,161,376,268,234,196,230,495,323,423,507,139,179,273,246,492,540,489,650,314,228,411,108,281,292,507,446,247,472,62,340,204,314,457,614,519,122,97,385,99,189,290,369,284,443,336,244,265,557,283,369,498,641,518,332,210,472,109,412,237,233,496,362,454,332,371,384,191,477,469,161,406,277,430,61,408,145,349,356,429,246,391,453,330,501,426,227,379,203,312,394,685,516,440,413,504
32,250,293,288,332,327,424,309,357,366,484,485,112,589,265,724,272,176,236,215,552,522,64,358,144,145,55,61,71,103,50,35,144,0,104,96,552,629,576,368,869,942,337,292,340,567,586,538,661,582,604,562,598,59,680,146,641,306,356,389,301,266,344,288,382,316,217,135,405,242,207,196,642,589,531,611,576,139,127,180,154,481,521,528,218,712,533,547,191,129,141,192,595,106,521,550,136,494,714,692,541,462,690,710,505,466,416,457,463,417,424,409,363,374,449,370,120,434,186,91,389,198,99,489,320,450,427,145,161,251,222,273,548,453,331,500,221,226,269,190,621,43,495,230,645,709,437,87,422,773,180,328,386,366,407,243,406,234,262,461,295,241,184,211,100,358,610,182,297,619,281,120,162,372,503,657,630,788,404,328,529,104,425,434,543,587,387,615,146,483,288,200,594,732,655,199,240,362,149,55,156,481,327,314,193,309,348,684,385,367,482,658,570,445,105,531,241,403,147,377,519,466,534,308,505,513,312,583,602,250,269,164,561,190,513,288,248,495,436,119,480,595,473,640,569,359,456,341,449,272,810,642,405,549,643
33,193,252,230,283,265,419,363,415,415,441,383,179,532,257,690,168,170,221,216,515,485,92,274,140,97,54,146,117,95,70,107,60,104,0,44,454,567,492,361,765,840,239,189,238,520,532,468,589,509,536,499,496,144,621,44,564,347,392,401,295,291,351,294,410,337,249,216,319,155,149,117,605,550,432,546,485,240,231,282,247,392,426,438,289,668,432,444,98,233,243,273,492,174,463,498,220,424,610,589,456,443,655,658,477,362,312,353,402,362,343,343,298,299,374,315,153,336,82,189,286,300,197,406,257,413,399,93,131,185,175,218,508,393,316,396,311,122,193,294,528,145,429,242,598,647,335,192,356,669,148,239,288,264,303,298,330,152,232,390,221,322,208,180,137,254,508,286,365,567,194,119,257,307,452,600,543,684,309,229,426,48,332,347,477,501,303,519,42,384,193,255,514,629,551,103,144,335,59,157,260,429,254,386,289,224,255,617,285,324,450,605,495,343,194,452,138,366,177,285,461,367,445,281,430,409,208,536,498,152,352,218,456,121,468,191,289,412,388,220,386,496,379,557,474,286,367,260,370,335,706,538,387,471,539
34,237,296,274,327,309,459,386,437,440,485,393,143,506,296,734,195,207,261,252,559,528,111,314,96,60,66,119,82,51,48,84,48,96,44,0,487,543,532,401,778,850,243,203,250,564,576,448,570,491,515,475,505,149,665,63,548,374,421,437,334,322,388,330,442,370,278,225,359,196,193,160,649,594,436,589,480,234,220,275,249,385,425,432,304,712,441,457,96,218,223,283,504,187,437,470,189,466,625,601,446,485,698,702,520,385,336,369,446,406,384,387,342,341,417,359,111,340,105,167,297,278,195,446,232,456,442,135,172,160,141,188,476,368,357,411,316,150,236,278,524,138,407,276,643,624,345,179,333,688,108,232,292,291,320,320,313,138,275,370,202,332,238,222,160,274,535,275,382,539,185,152,229,283,497,574,535,698,344,261,452,88,329,338,521,492,292,519,76,388,230,276,501,655,566,141,145,377,102,141,242,401,297,402,289,264,292,596,318,368,494,649,537,371,166,493,153,409,204,281,505,398,483,323,412,429,232,506,515,188,361,239,475,97,437,193,316,400,432,199,422,501,377,546,474,267,405,247,355,354,729,560,429,456,552
35,352,371,328,341,302,515,653,701,676,370,269,630,660,459,551,293,463,441,474,428,411,507,218,558,496,497,600,568,531,524,561,451,552,454,487,0,663,151,482,441,529,338,316,293,383,356,563,626,567,615,611,303,567,375,423,579,612,627,560,471,546,522,499,612,556,545,612,175,314,375,362,476,437,325,296,427,668,670,710,658,413,370,417,645,485,278,235,417,679,693,654,256,567,612,660,674,229,291,318,468,470,515,439,452,157,180,215,278,308,185,259,278,236,206,312,592,317,382,642,277,750,625,147,498,387,424,421,432,474,514,510,713,569,448,222,702,337,302,737,441,587,563,503,428,721,268,636,522,302,530,388,324,201,229,616,471,433,406,516,452,690,516,413,519,243,96,722,692,708,408,475,710,505,341,711,489,366,150,226,95,449,366,414,263,477,422,397,413,317,264,593,525,203,259,354,385,413,403,607,706,616,269,719,700,254,207,673,169,357,426,397,212,126,648,177,349,379,518,374,304,89,93,409,514,167,264,709,215,303,718,572,185,466,664,359,581,464,338,671,82,346,365,537,381,471,129,433,465,659,298,180,456,517,283
36,701,766,721,776,736,958,929,980,982,911,394,585,49,807,1154,524,731,770,775,989,961,654,671,493,486,609,612,570,527,581,601,507,629,567,543,663,0,801,901,584,604,390,456,434,968,959,108,80,97,48,69,398,687,1013,532,116,914,958,956,843,856,905,850,973,900,816,764,683,616,672,622,1067,1015,343,928,251,751,726,783,778,253,295,247,846,1105,392,440,475,710,699,821,444,730,109,98,627,816,528,469,196,959,1116,1071,976,510,509,452,833,821,719,776,749,718,765,786,537,355,524,653,415,734,722,746,311,900,908,644,686,383,407,356,154,176,853,441,846,530,658,758,262,666,138,805,1037,80,402,688,211,605,451,356,370,535,456,863,245,417,766,182,348,869,774,723,702,478,623,771,925,69,384,685,673,260,903,49,214,544,626,566,569,613,312,267,872,201,288,308,553,346,593,819,149,680,493,577,444,854,588,650,724,155,699,943,810,643,620,64,582,819,945,1021,847,562,632,799,481,862,744,331,887,605,733,808,158,497,504,109,492,570,897,782,496,447,147,416,856,203,857,680,666,350,300,166,298,283,694,316,220,897,684,566,912,146,455
37,337,328,302,289,265,421,601,641,611,254,409,671,793,413,403,359,446,407,443,296,286,520,219,618,557,523,632,609,581,560,593,508,576,492,532,151,801,0,403,574,661,445,404,397,245,213,697,770,706,753,745,453,576,224,473,723,556,559,478,412,497,451,443,536,494,509,602,174,338,374,381,332,298,470,145,573,670,679,709,651,548,512,558,617,335,425,384,484,693,712,634,407,563,740,788,709,119,434,466,608,363,368,287,334,291,295,349,175,222,152,191,230,205,136,248,643,448,436,667,395,766,630,87,601,282,327,432,429,562,594,601,836,690,381,366,683,393,306,746,590,603,692,464,280,863,399,651,642,430,600,495,444,290,349,577,592,516,368,643,550,661,490,394,518,344,237,726,647,841,503,475,738,617,219,849,637,504,201,288,244,472,494,542,127,621,540,547,456,456,304,564,668,309,408,391,465,337,435,630,720,738,251,674,690,269,243,816,243,286,312,247,65,240,679,56,422,291,504,492,176,196,68,353,647,313,346,837,366,347,687,551,335,538,787,452,538,598,240,692,137,496,501,683,528,582,130,542,593,617,406,325,365,656,433
